16.079712
23.638916
-19.378662
34.53820984725649
18.598938
22.198486
-19.979858
35.183633432654986
20.339966
20.639038
-20.159912
35.30022947760928
21.479797
19.918823
-19.979858
35.45893311282786
22.439575
19.859314
-19.499207
35.7511677584628
22.859192
20.339966
-19.07959
36.05950079599342
22.918701
20.999146
-18.838501
36.347216085795345
22.799683
21.418762
-18.539429
36.36343378183983
23.039246
21.598816
-18.418884
36.559144477433755
23.278809
21.299744
-17.999268
36.32568876239651
23.579407
21.539307
-17.399597
36.368614868605285
23.878479
21.899414
-17.03949
36.60751769189629
23.75946
21.71936
-16.859436
36.33845283300976
23.939514
21.359253
-16.918945
36.270769575319704
24.179077
20.999146
-16.918945
36.21936677106427
24.659729
20.458984
-16.499329
36.04025730324875
25.019836
19.67926
-16.319275
35.77127658493089
25.318909
19.378662
-15.779114
35.574710941815816
25.138855
18.899536
-16.018677
35.295220122228486
24.839783
18.179321
-16.378784
34.86785180999469
24.778748
17.459106
-16.799927
34.65608621185372
24.719238
16.738892
-16.619873
34.16798817629778
25.19989
15.899658
-16.19873
33.915076616086246
25.79956
14.99939
-15.779114
33.75765791303416
26.098633
14.819336
-15.59906
33.82428168121239
26.45874
14.399719
-16.079712
34.14636143168753
26.638794
14.219666
-16.499329
34.410056697906285
27.2995
14.639282
-15.9591675
34.84632487683422
27.95868
15.238953
-15.299988
35.327086658226044
28.019714
15.359497
-15.119934
35.35011996366225
27.95868
16.018677
-14.93988
35.51740192981111
27.2995
17.03949
-14.819336
35.42907851599005
26.69983
17.518616
-14.878845
35.23013936569883
26.098633
17.999268
-14.819336
34.99607085925415
25.559998
18.359375
-14.338684
34.58291525224197
25.019836
18.119812
-14.338684
34.05756307399375
24.958801
17.518616
-14.518738
33.77332274298107
25.138855
18.119812
-14.338684
34.145094101083906
24.899292
18.659973
-14.4592285
34.31091149271522
25.019836
18.719482
-14.99939
34.66111573991722
25.138855
19.07959
-14.93988
34.9169424648515
25.379944
19.1391
-14.639282
34.996503382815796
25.79956
19.07959
-14.279175
35.12183037300306
26.159668
19.07959
-13.978577
35.266976671593035
26.098633
19.73877
-13.55896
35.42037587806981
26.45874
20.219421
-13.198853
35.820379805007654
26.579285
20.579529
-12.89978
36.005272373249376
26.69983
20.939636
-12.658691
36.21590361712224
26.998901
21.1792
-12.599182
36.554596501543074
27.539063
21.359253
-12.539673
37.038643117484405
27.719116
21.77887
-12.599182
37.43538378305176
27.89917
22.37854
-12.658691
37.93949329349547
27.778625
22.979736
-13.139343
38.371378277284194
27.418518
23.519897
-13.619995
38.60654045392196
27.359009
23.75946
-14.338684
38.96954251900611
27.359009
23.999023
-14.6987915
39.249496165157964
26.998901
23.999023
-15.238953
39.206115681560924
26.278687
24.299622
-15.59906
39.043203046132916
26.098633
24.479675
-16.018677
39.204477918564194
25.379944
24.41864
-16.619873
38.94395606338919
25.318909
24.238586
-16.499329
38.739952704499714
25.2594
23.519897
-16.378784
38.20323683521463
25.379944
22.558594
-16.19873
37.622209717964466
25.138855
21.71936
-16.139221
36.9346329920552
25.019836
21.238708
-15.899658
36.46743785128728
24.659729
20.27893
-16.19873
35.80134192993854
24.35913
19.918823
-16.079712
35.33672081405722
24.719238
19.67926
-15.59906
35.23698022519275
24.899292
19.07959
-15.359497
34.92734856433243
24.719238
18.838501
-15.658569
34.80115985910617
24.41864
18.838501
-15.779114
34.64302998248259
24.119568
18.959045
-15.9591675
34.58170098431756
23.939514
19.07959
-15.779114
34.43997056133505
24.119568
19.918823
-15.359497
34.84863334614071
23.939514
19.979858
-15.119934
34.654111887381056
23.939514
20.159912
-14.99939
34.70596707182534
23.638916
20.639038
-15.058899
34.80716268555583
23.638916
20.698547
-15.119934
34.86890557748945
23.15979
20.518494
-15.419006
34.57065412966791
22.859192
20.759583
-15.238953
34.43441066281391
22.679138
20.639038
-15.119934
34.18955482570207
22.619629
19.859314
-15.299988
33.76580576073781
23.039246
19.73877
-15.299988
33.97816214761604
22.918701
19.73877
-15.419006
33.95042844791322
22.859192
19.259644
-15.478516
33.66097198769296
22.979736
19.07959
-15.478516
33.64050343974786
23.098755
19.198608
-15.058899
33.599247369965376
23.458862
18.719482
-14.518738
33.33963115961805
24.058533
18.359375
-14.518738
33.56595507122879
24.479675
18.359375
-14.399719
33.818236141217135
24.659729
17.999268
-14.4592285
33.78083985932799
24.41864
17.158508
-14.819336
33.321119385013354
24.659729
16.799927
-15.179443
33.47768285027262
25.019836
16.139221
-15.299988
33.47471096834239
25.85907
15.359497
-15.419006
33.798688115951705
26.579285
14.878845
-16.018677
34.415641812512916
27.119446
15.299988
-16.139221
35.07176132421656
27.95868
16.19873
-16.319275
36.19952203424532
28.379822
17.338562
-16.259766
37.019184809302764
29.039001
18.778992
-16.018677
38.111838148156146
29.579163
19.918823
-16.018677
39.09327849935491
29.579163
20.518494
-15.779114
39.305418119575926
29.159546
21.418762
-15.658569
39.42376537530614
28.799438
22.198486
-15.539551
39.54311673420151
28.199768
22.558594
-15.779114
39.40935845937723
27.359009
22.679138
-15.59906
38.8096551267167
26.759338
22.499084
-15.658569
38.30746392013164
26.879883
22.079468
-15.658569
38.147369526060544
26.399231
22.019958
-15.838623
37.850494212220994
26.159668
22.619629
-15.838623
38.037320733125874
25.979614
22.918701
-15.899658
38.11832036772148
25.559998
23.039246
-16.19873
38.033134068984836
25.679016
23.579407
-15.9591675
38.34182229516566
25.91858
23.638916
-15.899658
38.514544229258384
26.098633
23.2193
-16.319275
38.556363153809485
25.738525
23.098755
-16.859436
38.47420916026491
25.498962
22.679138
-16.97998
38.11640207865736
25.379944
22.138977
-17.219543
37.82576600967587
25.679016
21.839905
-17.219543
37.85374493837268
26.098633
22.019958
-16.859436
38.08225062282953
26.219177
21.479797
-16.799927
37.829412540046135
26.45874
20.639038
-16.619873
37.446695513527125
26.638794
20.159912
-16.19873
37.12743310629621
26.45874
19.558716
-15.899658
36.54322742592839
26.579285
18.598938
-15.658569
36.021794821308355
26.759338
18.119812
-15.299988
35.755829875940336
26.759338
17.338562
-14.93988
35.21204253452397
26.998901
16.319275
-14.819336
34.85501499515529
26.998901
15.359497
-14.579773
34.3136224059365
27.059937
14.759827
-14.878845
34.226782732970975
26.998901
14.338684
-15.179443
34.13142217213029
27.359009
14.099121
-15.058899
34.264720120291
27.659607
14.219666
-14.6987915
34.39923151621632
28.199768
14.15863
-14.338684
34.65965415258154
28.979492
14.338684
-13.859558
35.17806441264659
29.159546
14.759827
-13.619995
35.40672060863322
29.09851
15.058899
-13.798523
35.55127376629774
28.858948
15.238953
-13.978577
35.50303099681684
28.858948
15.838623
-13.739014
35.671575570907116
28.678894
15.779114
-13.439941
35.38490226909988
28.678894
15.899658
-13.259888
35.37092960515475
28.379822
15.838623
-13.319397
35.12381837425282
27.95868
16.319275
-13.55896
35.097746460999815
27.83966
16.499329
-13.378906
35.0181332072444
28.199768
16.619873
-13.198853
35.29386434426758
28.73993
17.338562
-12.838745
35.9366474083647
29.3396
17.158508
-12.539673
36.22802741943211
30.419922
17.158508
-12.359619
37.04788985324434
31.019592
17.399597
-12.599182
37.73195515015257
31.799316
18.179321
-13.319397
38.97551408566906
31.739807
19.018555
-14.039612
39.57564207075483
31.619263
19.859314
-15.238953
40.32859871137897
31.259155
20.579529
-16.259766
40.80480043182726
30.718994
20.698547
-16.918945
40.72268603865817
30.119324
20.518494
-17.57965
40.462653377644116
28.979492
20.639038
-18.23883
39.98044260654983
28.199768
20.698547
-18.838501
39.7309186709482
27.418518
20.399475
-19.018555
39.11034569810142
26.759338
19.73877
-19.198608
38.396193824327334
26.519775
18.838501
-19.259644
37.803722832029884
26.818848
17.819214
-19.1391
37.457710529676
26.759338
16.918945
-18.838501
36.84022294133394
26.638794
16.918945
-18.838501
36.752758519450786
26.638794
16.859436
-18.959045
36.787381007176734
26.399231
16.799927
-19.1391
36.68054029226958
25.979614
16.859436
-18.899536
36.28186066185054
25.85907
16.19873
-18.899536
35.892657144798605
25.79956
15.7196045
-18.899536
35.635877588244895
25.679016
15.238953
-18.959045
35.370651786650754
