27.95868
21.299744
-14.819336
38.14419342688347
27.598572
21.1792
-15.299988
38.00433164302212
27.659607
20.759583
-15.7196045
37.9884208303991
28.079224
20.819092
-15.539551
38.25382467857381
28.259277
21.058655
-15.179443
38.37276688331518
28.019714
21.539307
-15.419006
38.55894020998486
27.659607
21.539307
-15.838623
38.468916594379316
27.539063
22.198486
-15.838623
38.756092011047116
27.479553
22.799683
-15.59906
38.965139605706376
27.479553
22.859192
-15.359497
38.90478944296656
27.598572
22.918701
-15.238953
38.97657894241986
27.598572
22.859192
-15.238953
38.94161764694602
27.598572
23.039246
-15.299988
39.07144272635386
27.89917
22.979736
-14.819336
39.064621817373
28.49884
22.499084
-14.399719
39.06078121218584
29.278564
21.598816
-13.978577
38.97619528414908
29.579163
20.399475
-13.55896
38.40456859114388
29.87976
19.73877
-13.018799
38.1039148276829
29.638672
19.018555
-12.539673
37.38180918846926
29.818726
18.418884
-12.059021
37.06523361546167
29.99878
17.63916
-11.759949
36.73367881358587
30.659485
17.219543
-11.698914
37.05916010457131
31.318665
16.43982
-11.759949
37.27496279760048
31.739807
15.899658
-11.999512
37.47269350859453
32.099915
15.058899
-12.298584
37.52905612603303
32.458496
14.518738
-12.658691
37.743742367319975
32.759094
14.399719
-12.779236
37.99761794805778
32.458496
14.15863
-12.419128
37.526730382009866
32.699585
13.619995
-12.179565
37.45809507594787
32.398987
13.018799
-11.459351
36.74915297174378
31.439209
13.499451
-10.499573
35.78966535865312
30.479431
14.099121
-10.018921
35.04511078651432
29.87976
15.359497
-9.599304
34.94081910665161
29.638672
16.259766
-8.999634
34.98319909256442
29.519653
16.799927
-8.758545
35.07648242256662
29.87976
17.279053
-8.879089
35.63992114879307
30.178833
18.359375
-9.059143
36.46774915614652
30.299377
19.558716
-9.298706
37.24327487530467
30.718994
20.27893
-9.838867
38.101114764387965
30.958557
20.458984
-10.258484
38.49985414948023
31.13861
20.639038
-10.559082
38.821093113252395
31.019592
20.579529
-10.679626
38.727077078233485
31.318665
20.579529
-10.798645
38.9998262841684
31.199646
20.518494
-11.279297
39.00832023878448
31.199646
20.759583
-11.279297
39.135670532237114
30.899048
20.999146
-11.279297
39.02483653022697
31.13861
21.238708
-11.219788
39.32657457462368
31.678772
21.359253
-11.338806
39.85386820055081
31.97937
21.238708
-11.51886
40.080505229027025
32.218933
21.418762
-11.999512
40.506928781344
32.159424
21.659851
-12.298584
40.6771780301928
32.51953
22.439575
-12.359619
41.398245098864095
32.458496
22.439575
-12.658691
41.440691748777404
32.759094
22.198486
-13.139343
41.69620323552029
32.759094
21.479797
-13.55896
41.453410642626864
32.398987
21.238708
-13.859558
41.14443464131115
31.91986
21.11969
-14.099121
40.78852904386845
31.739807
21.1792
-14.099121
40.678729493472694
31.678772
20.939636
-13.978577
40.46496724598637
31.498718
20.219421
-13.798523
39.892274373461085
31.019592
19.259644
-13.499451
38.92793384194857
30.239868
17.999268
-13.55896
37.71297918261199
28.979492
17.69867
-13.499451
36.54160727855303
28.019714
17.219543
-13.319397
35.48272026634937
27.23999
17.219543
-12.779236
34.66754423155576
26.399231
16.918945
-12.239075
33.65954494374979
25.79956
17.098999
-11.698914
33.088633486676734
24.899292
17.459106
-11.099243
32.37264900066587
24.479675
18.23883
-11.039734
32.46205717834284
24.179077
19.1391
-10.618591
32.614220486310685
24.41864
19.499207
-10.139465
32.85266700729467
24.479675
20.159912
-9.059143
32.980973741026055
24.899292
20.399475
-8.279419
33.236457533482714
25.2594
20.819092
-7.6187134
33.60828174070344
25.379944
21.359253
-6.8984985
33.88138849469019
25.738525
21.539307
-6.3598633
34.15935198631555
25.85907
21.71936
-5.3985596
34.198925835767305
26.339722
21.77887
-4.3792725
34.4569017204373
26.45874
21.839905
-3.2989502
34.466352336146265
26.998901
21.598816
-2.5787354
34.671304637039185
27.2995
21.299744
-2.0996094
34.68933694460374
27.598572
21.598816
-1.5594482
35.08021987063187
27.539063
21.479797
-1.4389038
34.95500036877771
27.539063
21.238708
-1.4389038
34.80737135415338
27.95868
20.999146
-2.1591187
35.033035818107635
28.259277
20.399475
-2.8793335
34.97164378665414
28.49884
20.458984
-3.9596558
35.304854329933335
28.439331
20.698547
-5.3390503
35.57711111038862
28.73993
20.819092
-6.539917
36.085850393648926
28.919983
21.058655
-7.978821
36.65370402230432
29.3396
21.1792
-9.239197
37.34612963129513
29.87976
21.11969
-10.739136
38.133586379414275
30.599976
21.058655
-11.51886
38.89099537790689
31.019592
21.238708
-12.179565
39.51758657151902
31.739807
20.878601
-12.658691
40.044646714245715
32.218933
20.759583
-12.779236
40.40208976552915
32.699585
20.639038
-12.95929
40.782053691793315
32.87964
19.918823
-12.779236
40.51097429198584
33.059692
18.899536
-12.89978
40.20621891029421
32.57904
18.47992
-12.838745
39.59463020677094
31.858826
17.939758
-12.779236
38.73149287129354
30.899048
17.999268
-13.018799
38.05540683342924
29.93927
18.47992
-13.139343
37.556752303077104
29.399109
19.018555
-13.259888
37.441122398832746
28.799438
19.558716
-13.55896
37.36035849290997
28.678894
20.27893
-14.039612
37.82624362834949
28.379822
21.299744
-14.399719
38.29419424011948
28.079224
22.198486
-14.93988
38.78679735959212
28.019714
23.15979
-15.058899
39.34781582694982
28.318787
23.878479
-14.639282
39.83019070751325
28.799438
24.058533
-14.579773
40.25904280213018
29.278564
24.119568
-14.759827
40.70430360577675
29.3396
24.238586
-14.6987915
40.796761298194674
29.399109
23.939514
-15.058899
40.79434206757798
29.399109
23.519897
-15.238953
40.61673143016696
29.579163
23.399353
-14.819336
40.5224532064285
29.87976
22.918701
-14.639282
40.40266684615324
30.178833
22.079468
-14.639282
40.15686101188843
30.599976
21.839905
-14.279175
40.21485873755184
30.599976
21.839905
-13.978577
40.109108698473186
30.958557
21.238708
-13.55896
39.91691811202989
31.13861
20.878601
-12.539673
39.53191699042054
31.259155
20.27893
-11.579895
39.018761450322685
31.3797
19.378662
-10.499573
38.346564179532436
31.259155
19.1391
-9.658813
37.90425656856529
31.079102
19.198608
-8.758545
37.56606647741999
31.259155
18.899536
-8.578491
37.52222973930754
31.439209
18.418884
-7.8598022
37.27540326376849
32.159424
17.878723
-7.9193115
37.63764938684651
32.818604
16.918945
-8.279419
37.83993064954665
33.718872
16.19873
-8.21991
38.30049579986694
34.498596
15.779114
-8.699036
38.9205200988582
34.799194
15.119934
-9.059143
39.00851738673155
34.858704
14.4592285
-9.719849
38.97016900483786
34.199524
14.399719
-9.47876
38.29890696108784
33.779907
14.15863
-9.779358
37.91022044849021
33.059692
14.399719
-9.599304
37.3154361151111
32.63855
14.819336
-8.999634
36.957827066066976
31.559753
15.7196045
-8.81958
36.344312589691214
30.778503
16.738892
-8.338928
36.0145047954857
30.659485
17.819214
-8.1588745
36.388125853429166
31.199646
19.018555
-7.559204
37.313065976653874
31.439209
19.198608
-7.1990967
37.5344844698054
31.619263
19.319153
-7.0785522
37.72417531663631
31.619263
19.378662
-6.8389893
37.71050293021826
31.259155
19.619751
-6.8389893
37.53453162693155
31.199646
19.67926
-7.0785522
37.56057932381535
31.079102
19.619751
-7.4386597
37.49905109476522
31.318665
19.558716
-7.499695
37.67820936479731
31.13861
19.558716
-7.6797485
37.565076996668395
31.199646
19.499207
-8.1588745
37.68559703166201
31.079102
19.619751
-8.518982
37.72821507692386
30.839539
19.619751
-8.938599
37.628583262199925
30.358887
19.07959
-9.719849
37.15061524242398
30.119324
18.778992
-10.258484
36.94672744567931
29.87976
18.119812
-10.739136
36.55758013106259
29.638672
17.939758
-11.399841
36.47248534854734
29.159546
17.219543
-12.298584
36.028417603330844
28.619385
16.918945
-13.739014
35.97332962537576
28.019714
16.799927
-14.99939
35.94890274262119
27.359009
16.799927
-16.378784
36.041884746148995
26.939392
17.098999
-17.399597
36.34353503805732
26.818848
17.03949
-18.418884
36.72669461925821
26.998901
17.03949
-19.378662
37.347254019706725
