22.619629
24.598694
-16.918945
37.45656338513986
23.519897
23.519897
-16.918945
37.317848627324096
23.75946
23.098755
-17.098999
37.2886066452861
23.638916
23.458862
-17.158508
37.463729203849624
23.399353
23.638916
-17.518616
37.59295120722434
23.339844
24.41864
-17.158508
37.88710518445309
23.278809
25.079346
-16.679382
38.066760396313114
23.278809
25.439453
-16.619873
38.27909273258299
23.278809
25.619507
-16.619873
38.398988265378655
23.939514
25.738525
-16.43982
38.80515071069416
24.299622
25.619507
-16.139221
38.824029902259795
24.539185
25.379944
-15.838623
38.69334631210029
24.659729
25.738525
-15.299988
38.789993222721115
24.899292
25.679016
-15.238953
38.8794586470478
25.138855
25.318909
-15.179443
38.7740207177072
25.439453
24.778748
-15.179443
38.6208185691749
25.559998
24.238586
-14.819336
38.2156405240585
25.559998
23.699951
-14.579773
37.78321115154024
25.318909
23.519897
-14.579773
37.50736581305564
25.138855
22.979736
-14.518738
37.024640101010775
25.498962
21.958923
-14.639282
36.697410687565885
25.619507
21.238708
-14.759827
36.404593578197655
26.219177
20.399475
-14.4592285
36.230556140393254
26.638794
19.979858
-13.798523
36.04468391151808
26.818848
19.67926
-13.55896
35.9217118852321
26.818848
19.198608
-13.798523
35.75243107992798
27.059937
19.1391
-13.739014
35.87904382968995
27.2995
18.778992
-13.55896
35.80165561705038
27.178955
18.418884
-13.319397
35.43102171550642
27.119446
18.179321
-13.018799
35.14884470618753
26.45874
18.299866
-12.89978
34.66055752648643
26.098633
18.899536
-13.139343
34.79904292752712
25.619507
19.799805
-13.079834
34.92095916025038
25.2594
20.759583
-12.719727
35.08260341679335
25.138855
21.058655
-12.419128
35.066560941858306
25.079346
21.418762
-12.298584
35.19931910463166
25.079346
21.899414
-12.298584
35.49384437168296
25.079346
22.439575
-12.239075
35.809258279328056
25.2594
23.098755
-12.359619
36.3916179018689
25.379944
23.699951
-12.059021
36.75934258903612
25.91858
23.878479
-11.878967
37.18957452196785
26.45874
23.939514
-11.819458
37.58809476634939
26.638794
24.238586
-11.878967
37.92419260532286
26.69983
24.659729
-11.819458
38.2188793563837
26.818848
25.019836
-11.819458
38.5349501467499
26.818848
25.439453
-11.759949
38.790627328707735
27.23999
25.91858
-11.579895
39.343154284608396
27.479553
26.219177
-11.639404
39.72463659908908
27.89917
26.278687
-11.938477
40.142998482281286
28.138733
26.45874
-12.239075
40.51725796940577
28.379822
26.519775
-12.419128
40.77925342334782
28.49884
27.059937
-12.539673
41.25127247090385
28.619385
27.479553
-12.779236
41.68337685756757
29.039001
27.95868
-12.779236
42.28782630859914
29.09851
27.89917
-12.89978
42.32601248650542
29.039001
27.479553
-13.139343
42.083627912541594
28.678894
26.998901
-13.55896
41.65651373697456
28.259277
26.638794
-13.739014
41.19432796211148
27.89917
26.219177
-13.679504
40.656337072351036
27.598572
25.679016
-13.859558
40.16441733576967
27.359009
24.839783
-13.679504
39.40379651362924
27.119446
24.119568
-13.739014
38.80693744106442
26.219177
23.75946
-13.739014
37.956788239226725
25.318909
23.399353
-14.039612
37.224825346404415
24.659729
23.458862
-13.978577
36.7943072352487
24.058533
23.278809
-13.619995
36.14166867818571
23.75946
23.2193
-13.319397
35.79181748973849
23.399353
23.039246
-13.079834
35.34711556975424
23.339844
23.458862
-12.89978
35.51719055887321
22.859192
23.75946
-12.478638
35.25295899870056
22.619629
24.058533
-12.419128
35.28023968881164
22.738647
24.238586
-11.999512
35.33473442706553
22.859192
24.41864
-11.639404
35.415933279784184
22.859192
24.299622
-11.219788
35.19798217538543
22.979736
24.41864
-11.039734
35.30175617809704
23.15979
24.539185
-10.919189
35.46513954641762
23.278809
24.899292
-10.798645
35.755956193623355
23.278809
25.079346
-10.739136
35.863706505824766
23.579407
25.079346
-10.379028
35.953944946647546
23.75946
24.958801
-10.379028
35.988581223988604
23.939514
24.659729
-10.379028
35.90162781661596
24.119568
24.778748
-10.618591
36.17311687932939
24.119568
24.659729
-10.919189
36.18127240239417
24.299622
24.778748
-10.85968
36.36468926032505
24.179077
24.659729
-11.039734
36.25749181742478
24.778748
24.179077
-11.579895
36.506273540482056
25.19989
23.579407
-12.478638
36.69794789743444
25.559998
23.098755
-12.658691
36.70297533494389
25.619507
22.619629
-13.018799
36.571790352803006
26.219177
22.37854
-13.319397
36.954710589661296
26.759338
22.37854
-13.55896
37.42601425437593
27.359009
22.019958
-13.919067
37.777432408966895
27.719116
21.71936
-14.15863
37.95453694882866
27.95868
21.71936
-14.4592285
38.24248515588961
28.079224
22.019958
-14.399719
38.479518446099995
27.95868
22.619629
-14.518738
38.78310235554026
27.89917
23.458862
-14.338684
39.16988365002186
27.539063
23.939514
-14.399719
39.22820634252301
27.598572
24.41864
-14.15863
39.47680291956277
27.359009
25.138855
-14.279175
39.80417458575325
27.2995
25.619507
-14.4592285
40.1334170250849
26.818848
26.159668
-14.639282
40.22297168499457
26.638794
26.339722
-14.819336
40.286708985699455
26.519775
26.339722
-14.93988
40.252694555089256
26.759338
26.159668
-15.179443
40.38323796085605
27.119446
26.159668
-15.359497
40.69037708241809
27.418518
26.45874
-15.899658
41.28727600794523
27.178955
26.45874
-15.779114
41.08212466264221
27.23999
26.579285
-16.079712
41.31625095254212
27.479553
26.159668
-16.018677
41.183153400673895
27.659607
25.79956
-15.59906
40.914567467525394
27.89917
25.679016
-15.299988
40.88844866676896
28.019714
25.439453
-15.119934
40.75392702991179
28.019714
25.138855
-14.4592285
40.32537342899009
27.83966
24.598694
-13.619995
39.56825404937177
28.259277
23.75946
-13.378906
39.26950152472018
28.619385
22.738647
-12.838745
38.742078008264315
28.858948
21.958923
-12.298584
38.292144495681164
28.73993
21.479797
-12.059021
37.85214863452272
28.678894
21.11969
-11.579895
37.45149206390181
28.559875
21.058655
-11.399841
37.27049561985995
28.858948
20.878601
-11.219788
37.344859750770084
29.219055
20.458984
-11.158752
37.374335343692906
29.3396
20.219421
-11.279297
37.374586836658644
29.219055
20.159912
-11.219788
37.2298127843928
28.979492
20.339966
-11.279297
37.15841332274647
28.858948
20.399475
-11.279297
37.097169045250276
28.919983
20.159912
-11.459351
37.06891215084245
29.399109
19.799805
-11.279297
37.19626833339183
29.09851
19.799805
-11.338806
36.97734572247835
28.379822
20.039368
-11.579895
36.62082187399079
27.95868
20.399475
-11.878967
36.591476565268074
27.598572
20.878601
-12.11853
36.666823323233054
27.359009
21.058655
-11.938477
36.530939236274435
27.539063
21.1792
-11.878967
36.71605043267862
27.719116
21.539307
-11.878967
37.059425265059936
27.778625
21.71936
-11.938477
37.2278110034605
27.719116
21.77887
-12.298584
37.33528767874552
28.138733
22.079468
-12.478638
37.881493745091085
28.379822
22.259521
-12.419128
38.146236721026135
28.678894
22.138977
-12.419128
38.29945198643105
28.979492
22.31903
-13.018799
38.825754454799394
29.159546
22.619629
-13.619995
39.337399892131124
29.09851
23.098755
-14.279175
39.801641351794466
28.379822
23.81897
-15.058899
39.99409899099569
28.019714
24.058533
-15.59906
40.09049821185813
27.539063
23.75946
-16.259766
39.84083169459678
27.359009
23.039246
-16.558838
39.414684243113946
27.119446
22.558594
-16.859436
39.0972517291617
26.638794
21.958923
-17.158508
38.55170723663707
26.039124
21.479797
-17.518616
38.030506938611964
25.738525
21.11969
-17.819214
37.76290975965206
25.85907
20.458984
-17.939758
37.53793328816698
26.098633
20.039368
-18.23883
37.62140017299413
26.399231
19.67926
-18.418884
37.728609808033944
26.098633
19.67926
-18.899536
37.75717640551512
26.039124
19.619751
-19.378662
37.92760437765777
25.91858
19.499207
-19.73877
37.96855066820105
26.219177
19.67926
-19.67926
38.23600163836515
26.579285
19.259644
-19.499207
38.178676353758
27.359009
18.539429
-19.439697
38.342244138115795
