23.098755
17.939758
-21.058655
36.039622224951074
23.458862
18.418884
-20.939636
36.442308792352705
23.81897
17.999268
-20.878601
36.43120791514124
24.299622
17.759705
-20.759583
36.56280882615301
24.839783
17.819214
-20.399475
36.75156778118452
25.079346
18.058777
-19.918823
36.767547362619936
25.619507
18.47992
-19.619751
37.186035948071286
26.159668
18.959045
-19.378662
37.67367983544679
26.219177
19.07959
-18.778992
37.47167712972109
26.159668
18.959045
-18.539429
37.248948050372846
26.159668
19.018555
-18.418884
37.21947155052043
25.91858
19.499207
-17.999268
37.094008331556225
25.679016
19.67926
-17.939758
36.993514858709524
25.379944
19.73877
-17.999268
36.84744402071024
25.079346
19.67926
-17.759705
36.491833753102384
24.899292
19.558716
-17.338562
36.099083074617354
25.079346
19.018555
-17.399597
35.964217310513135
25.2594
18.719482
-17.158508
35.81718480756217
25.379944
18.899536
-16.619873
35.74289019117998
24.899292
18.539429
-16.499329
35.15555554869671
24.899292
18.299866
-16.319275
34.945364024386336
25.019836
17.57965
-16.19873
34.603976370701425
25.619507
16.679382
-16.499329
34.73886610641422
26.159668
15.779114
-16.799927
34.864685064523925
26.638794
15.359497
-16.859436
35.06822138870444
27.359009
15.59906
-17.03949
35.807685035718066
27.778625
15.899658
-17.03949
36.260107696423766
28.259277
16.558838
-16.859436
36.83778577680124
28.49884
16.918945
-16.558838
37.049016703171425
28.799438
17.57965
-16.139221
37.402222788642526
28.379822
18.598938
-15.478516
37.29503065454482
27.719116
19.018555
-15.299988
36.93432562237582
27.178955
19.319153
-15.299988
36.688075618354866
26.45874
19.259644
-15.179443
36.07512032745871
25.979614
18.778992
-15.179443
35.46838690618115
26.098633
18.119812
-14.819336
35.0582209677256
26.098633
17.939758
-14.6987915
34.914580823798566
26.399231
18.23883
-14.6987915
35.29346659340348
26.638794
18.659973
-14.579773
35.64252755498426
26.759338
19.67926
-14.279175
36.155638904732065
26.939392
20.458984
-13.798523
36.533548901147014
27.119446
20.518494
-13.439941
36.566446101156046
27.23999
20.999146
-13.139343
36.81879323329663
27.119446
21.839905
-13.259888
37.259500610477694
27.2995
22.799683
-13.259888
37.95935615532174
27.059937
23.75946
-12.95929
38.27133959727974
27.2995
24.119568
-13.198853
38.745657203723326
27.2995
24.119568
-13.499451
38.84908576586777
27.178955
24.238586
-13.798523
38.94360029460874
27.119446
24.719238
-14.039612
39.288876857535165
27.119446
25.079346
-14.518738
39.68918857136191
27.059937
25.2594
-14.93988
39.918384448674615
26.998901
25.19989
-15.179443
39.92982124928685
26.939392
24.539185
-15.419006
39.568271017180706
26.638794
23.75946
-15.838623
39.05123900183098
26.638794
22.799683
-16.19873
38.624472210188515
26.339722
21.958923
-16.499329
38.05526409053024
25.979614
21.299744
-16.558838
37.45416469666625
25.559998
20.399475
-16.499329
36.628949365776585
25.679016
19.799805
-16.319275
36.301002980397286
25.138855
19.018555
-16.43982
35.55186606444256
24.899292
18.778992
-16.679382
35.36703304444956
24.659729
18.539429
-16.97998
35.2155125508454
24.238586
18.719482
-16.738892
34.901556589122926
24.119568
19.018555
-16.259766
34.75397803500791
24.119568
18.959045
-16.43982
34.80612984525409
24.119568
19.07959
-16.378784
34.84320347105013
23.81897
19.378662
-16.378784
34.801442223841455
23.81897
19.378662
-16.558838
34.88654357845676
23.519897
19.499207
-16.738892
34.83669175988784
23.399353
19.859314
-16.259766
34.7318603593795
23.278809
19.918823
-16.079712
34.60086132587146
23.579407
19.859314
-16.139221
34.79734507989618
23.638916
20.219421
-15.899658
34.93454572985832
23.999023
20.399475
-15.59906
35.148575551240334
23.939514
20.518494
-15.359497
35.0716847512215
24.35913
20.639038
-15.299988
35.403767565225316
24.778748
20.27893
-14.99939
35.358209837740475
24.719238
19.558716
-15.058899
34.93357256547775
25.019836
19.198608
-15.058899
34.94780566922264
25.138855
18.719482
-15.119934
34.79933232510988
25.559998
18.058777
-15.119934
34.75694589698493
25.979614
17.759705
-15.119934
34.91360535474942
26.69983
16.799927
-15.419006
35.11216506771104
27.2995
15.359497
-15.539551
34.966477389288514
28.079224
14.759827
-15.779114
35.42987096837833
29.09851
14.93988
-15.779114
36.31671527814362
29.87976
15.539551
-16.139221
37.346381314199974
30.419922
16.499329
-16.139221
38.18473483748938
30.839539
17.759705
-15.838623
38.95312813377444
30.839539
18.299866
-16.139221
39.324758683402145
30.718994
19.1391
-16.558838
39.8014665343031
30.419922
20.698547
-16.558838
40.348439648036575
29.818726
21.539307
-16.558838
40.339722518760894
29.159546
22.079468
-16.43982
40.10049479267291
28.619385
22.019958
-16.079712
39.52853251529204
28.919983
21.899414
-15.899658
39.60743338436454
28.379822
21.479797
-16.079712
39.055769732704825
28.259277
21.598816
-15.899658
38.96016908832179
28.259277
21.598816
-15.9591675
38.98449242216785
27.89917
21.598816
-16.259766
38.84909990561638
27.539063
21.659851
-16.259766
38.62549775923202
27.778625
21.71936
-16.319275
38.85487634796468
28.079224
21.659851
-16.319275
39.03729812027531
27.719116
21.659851
-16.499329
38.85519679990535
27.83966
21.71936
-16.799927
39.102620021913175
27.719116
21.359253
-17.399597
39.0808535008073
27.23999
21.238708
-17.338562
38.64874624017576
27.418518
20.819092
-16.97998
38.38657863036653
27.719116
20.579529
-16.859436
38.42013867314982
27.539063
19.619751
-16.97998
37.83720783666522
27.539063
19.499207
-17.03949
37.80163034626863
27.479553
19.018555
-16.859436
37.43089498548041
27.418518
18.539429
-16.679382
37.06328881696398
27.359009
17.819214
-16.19873
36.44775330117242
27.83966
17.03949
-15.7196045
36.22839806245751
28.259277
16.139221
-15.299988
35.96040540422115
28.379822
15.478516
-14.878845
35.58621621048925
28.73993
15.359497
-14.4592285
35.650624693203135
28.919983
15.058899
-14.099121
35.523529421752635
29.278564
14.878845
-14.039612
35.71729409762517
29.818726
14.639282
-14.039612
36.06349516607826
30.299377
14.759827
-13.798523
36.4184562423797
30.299377
14.6987915
-13.55896
36.30361068044748
29.99878
15.058899
-13.739014
36.269238227478155
29.699707
15.59906
-13.919067
36.32001757650748
29.519653
16.378784
-13.919067
36.51595428017988
29.278564
16.799927
-13.739014
36.44492312894898
29.09851
16.859436
-13.55896
36.260299587453424
28.858948
16.738892
-13.378906
35.94474111831243
28.799438
16.619873
-13.018799
35.70877963973811
29.09851
16.679382
-12.779236
35.89197524125344
29.519653
17.03949
-12.539673
36.318005983172455
30.53894
17.518616
-12.059021
37.21489930751862
31.259155
17.939758
-11.938477
37.967050823604765
32.03888
18.058777
-12.419128
38.81808691924825
32.458496
18.539429
-13.139343
39.622048638116254
32.458496
19.1391
-14.219666
40.27478098510826
32.159424
19.979858
-15.238953
40.8123624136272
31.559753
20.819092
-16.19873
41.132123243275444
31.318665
20.878601
-16.918945
41.26772967701655
31.13861
20.518494
-17.63916
41.25241470205108
30.358887
20.219421
-18.23883
40.78163762986275
29.399109
19.859314
-19.018555
40.25425934615879
28.49884
19.018555
-19.619751
39.48194491928399
27.95868
18.47992
-19.439697
38.74399367512902
27.719116
17.63916
-19.378662
38.14475026338815
27.659607
16.619873
-19.67926
37.79612894571678
27.359009
15.9591675
-19.799805
37.35294735066096
26.278687
15.59906
-20.219421
36.6432135279679
25.498962
14.759827
-20.759583
36.04177805859472
24.839783
14.279175
-21.058655
35.55807344210401
24.238586
14.219666
-20.939636
35.04534764560857
23.999023
13.619995
-20.639038
34.459066239434726
24.058533
12.95929
-20.759583
34.31787334122064
24.598694
12.359619
-19.799805
33.91000123258255
25.318909
12.179565
-19.259644
34.06351059280664
26.039124
11.819458
-18.899536
34.277222444585924
26.818848
11.399841
-18.838501
34.700087454298114
27.479553
10.679626
-18.539429
34.82658104193279
27.89917
10.018921
-18.359375
34.86845396674837
28.379822
10.559082
-18.598938
35.536305090599775
