23.15979
21.1792
-18.359375
36.35933135472241
23.458862
20.579529
-18.778992
36.42095163190327
22.979736
20.999146
-19.198608
36.5734742478027
22.799683
21.958923
-18.838501
36.83624486218533
23.339844
22.37854
-18.179321
37.09494785344764
23.458862
23.15979
-17.459106
37.30300961540754
23.939514
23.638916
-17.279053
37.82148008035579
23.939514
24.479675
-17.219543
38.325807932918224
24.238586
24.719238
-16.859436
38.50701761073477
24.778748
25.19989
-16.319275
38.927361553784536
25.19989
25.379944
-15.299988
38.900714967722635
25.318909
25.318909
-15.119934
38.86781013948512
25.138855
25.138855
-14.99939
38.586341647255836
25.138855
24.719238
-15.238953
38.40870364416118
25.498962
24.839783
-15.058899
38.65206721256558
25.679016
24.778748
-14.579773
38.548255700850135
25.559998
24.659729
-14.338684
38.30161448131136
25.439453
23.939514
-14.219666
37.71557988179835
25.559998
23.15979
-14.6987915
37.493249717970066
25.679016
22.558594
-14.4592285
37.11295377480247
25.619507
22.558594
-14.399719
37.048632853171014
25.738525
22.499084
-14.039612
36.956611555922066
25.559998
21.77887
-14.15863
36.44309763500319
25.738525
20.759583
-14.399719
36.06638065396308
26.039124
20.339966
-14.338684
36.01871766819215
26.278687
20.098877
-14.279175
36.0337196952816
26.098633
20.27893
-14.039612
35.90939118113812
26.039124
20.098877
-13.978577
35.74075219112631
26.339722
19.979858
-14.15863
35.96446169321616
26.278687
19.499207
-13.978577
35.58354907599507
26.098633
19.67926
-13.55896
35.38724804528815
25.738525
20.339966
-13.319397
35.40610519608518
25.85907
20.999146
-13.079834
35.78739371382226
25.138855
21.899414
-12.719727
35.68386036606746
25.079346
22.259521
-12.539673
35.80088332807324
25.138855
22.738647
-12.478638
36.12097018775503
25.079346
22.499084
-12.179565
35.82630555781429
25.19989
22.979736
-11.938477
36.13350252719507
25.559998
23.098755
-11.878967
36.441402690869694
25.679016
22.738647
-12.059021
36.35763922049257
25.738525
22.918701
-12.179565
36.55243250818781
26.339722
22.738647
-12.11853
36.84678806918759
26.879883
22.859192
-12.179565
37.32844220773551
27.2995
22.799683
-11.878967
37.49930663421492
27.418518
23.458862
-11.51886
37.87845648677243
27.89917
23.638916
-11.639404
38.374963418651134
27.89917
23.939514
-11.759949
38.59741569129823
28.49884
25.019836
-11.099243
39.51416534225812
28.678894
25.439453
-10.559082
39.763539053835956
29.278564
25.559998
-10.559082
40.27458397373972
29.458618
25.679016
-10.978699
40.5925351049919
29.399109
25.85907
-11.51886
40.812781153319484
29.278564
25.679016
-12.239075
40.822067097458145
29.039001
25.85907
-12.658691
40.89251165880649
29.278564
26.278687
-12.658691
41.328514884739384
29.3396
26.098633
-13.139343
41.407644434067066
29.039001
26.039124
-13.619995
41.313482460424616
28.379822
26.159668
-14.219666
41.13321536483624
27.83966
26.219177
-14.279175
40.821400254645845
27.23999
25.979614
-14.338684
40.28095604528119
26.998901
25.91858
-14.039612
39.972791955024704
26.818848
25.619507
-13.859558
39.59415542166151
26.69983
25.079346
-13.679504
39.10221730845324
26.159668
24.839783
-13.319397
38.454510654127915
25.85907
24.299622
-13.499451
37.96575026730507
25.138855
23.699951
-13.378906
37.049220982236925
24.659729
23.15979
-12.89978
36.206108935078205
24.479675
23.15979
-12.478638
35.935314131892774
23.939514
22.979736
-12.359619
35.410859281837894
23.638916
23.098755
-12.239075
35.24408818444768
22.918701
23.75946
-11.999512
35.12502085186214
22.439575
23.81897
-12.539673
35.0445621729053
22.138977
24.058533
-12.298584
34.93139551432386
22.198486
24.41864
-12.239075
35.19712554292431
22.138977
24.659729
-12.11853
35.28590847511315
22.259521
24.539185
-11.938477
35.21626128074572
22.259521
24.899292
-11.759949
35.408437501379
22.558594
25.2594
-11.338806
35.7140847511087
22.679138
25.19989
-11.279297
35.729544382721635
22.918701
25.379944
-10.978699
35.9157389958384
23.098755
25.439453
-10.679626
35.98295019975606
23.638916
25.138855
-10.258484
35.99995591902683
23.878479
25.2594
-10.319519
36.25894959566879
23.939514
25.2594
-10.258484
36.28186907309903
24.299622
25.19989
-10.559082
36.565015605233064
24.238586
25.379944
-10.978699
36.77203414440365
24.659729
25.2594
-11.399841
37.09576559656523
25.079346
24.539185
-11.698914
36.986616033708735
25.318909
23.81897
-12.359619
36.89377501375571
25.498962
23.699951
-12.599182
37.02194140652017
25.979614
23.039246
-12.95929
37.06332998649069
26.45874
22.979736
-13.319397
37.49052777504689
27.23999
23.15979
-13.139343
38.09245697405606
27.778625
22.859192
-13.198853
38.319765382179895
28.138733
22.619629
-13.439941
38.523601481348415
28.318787
23.2193
-13.619995
39.07165049073705
28.379822
23.75946
-13.499451
39.397479322326255
28.079224
24.479675
-13.439941
39.60213814559922
27.83966
25.498962
-13.259888
40.013352263650695
27.659607
26.339722
-13.139343
40.39154677381457
27.178955
26.759338
-13.378906
40.41970966852063
27.059937
27.2995
-13.499451
40.73988263494846
26.69983
27.719116
-13.919067
40.92640593950316
26.339722
27.95868
-14.15863
40.938191788047995
26.159668
28.079224
-14.4592285
41.01024667118268
26.45874
27.95868
-14.639282
41.18326455366154
26.69983
27.719116
-14.878845
41.26269779706833
26.879883
27.778625
-15.058899
41.48434116053234
26.939392
27.598572
-15.119934
41.424925033879056
26.818848
26.998901
-15.539551
41.10558289712603
26.939392
26.579285
-15.299988
40.82007849813312
26.939392
26.098633
-14.93988
40.37411866540015
27.359009
25.439453
-14.639282
40.12467752012158
27.23999
24.899292
-14.518738
39.65836005763397
27.598572
24.778748
-14.039612
39.658267716104135
27.659607
24.119568
-13.978577
39.2709562884901
27.418518
23.878479
-13.739014
38.86794832798051
27.539063
23.579407
-13.198853
38.58235535230126
27.659607
23.039246
-12.779236
38.199076344772394
27.89917
22.198486
-12.419128
37.75408872983577
28.019714
22.019958
-12.11853
37.64095741084022
28.318787
21.418762
-11.938477
37.45990206467861
28.678894
21.299744
-11.698914
37.59019264393058
28.858948
21.11969
-11.039734
37.426673100544214
29.278564
20.579529
-10.85968
37.39898340812137
29.579163
20.039368
-10.618591
37.272747288463826
29.638672
20.219421
-10.258484
37.31638151136257
29.699707
20.339966
-10.258484
37.43024436681352
29.579163
20.458984
-10.018921
37.33464520283908
29.579163
21.11969
-9.838867
37.653306420220254
29.159546
21.299744
-9.658813
37.37982044583013
29.159546
21.299744
-9.959412
37.45861974712062
28.799438
21.899414
-10.258484
37.606228121877464
28.559875
22.499084
-10.379028
37.81004479374082
28.199768
22.619629
-10.85968
37.74661744986231
28.079224
23.278809
-10.559082
37.97156786097082
28.138733
23.699951
-10.258484
38.19309364719949
28.559875
23.939514
-10.319519
38.66858256186474
28.678894
24.299622
-10.85968
39.126502255005335
28.799438
24.539185
-11.399841
39.51627063035238
28.858948
24.539185
-12.11853
39.77272008167549
28.858948
24.719238
-12.599182
40.032724345898416
28.858948
24.958801
-12.89978
40.27635704136407
28.858948
24.899292
-13.619995
40.47613952804479
28.678894
24.958801
-14.819336
40.804819877011006
27.95868
24.778748
-15.539551
40.4617317152694
27.598572
24.479675
-16.079712
40.2429223323998
27.059937
24.659729
-16.738892
40.255843786764366
26.759338
24.299622
-16.859436
39.884513461524136
26.339722
24.058533
-16.799927
39.43135228430227
26.399231
23.519897
-16.799927
39.14514694437709
26.159668
23.278809
-16.918945
38.89064069405067
26.278687
23.278809
-16.97998
38.9973331419919
25.619507
23.15979
-17.338562
38.644025641403324
25.079346
22.918701
-17.939758
38.41972721731799
24.778748
21.659851
-18.179321
37.59818201742772
25.019836
21.058655
-17.999268
37.3287119956986
25.619507
20.159912
-18.058777
37.26795721213634
25.439453
19.859314
-18.359375
37.12983646421534
25.19989
20.159912
-18.838501
37.36770936416895
