24.41864
23.098755
-17.098999
37.71204372859551
24.35913
23.15979
-17.399597
37.848238211866445
24.539185
23.098755
-17.69867
38.065299696910635
24.719238
23.2193
-17.399597
38.117221926864964
25.019836
23.699951
-17.098999
38.47149157574346
24.958801
24.238586
-16.738892
38.60882486455493
24.539185
24.839783
-16.499329
38.61883357431481
24.539185
25.019836
-16.679382
38.81192600974522
24.719238
25.439453
-16.799927
39.24849158626195
24.598694
25.498962
-16.679382
39.15985991939004
24.598694
25.679016
-16.139221
39.05101862517881
24.41864
26.098633
-15.779114
39.06902914183993
24.119568
26.219177
-15.419006
38.81938250420546
24.299622
26.219177
-15.419006
38.931511628194585
24.598694
25.979614
-15.419006
38.95871995268277
24.598694
25.91858
-15.419006
38.91804540071996
24.778748
25.439453
-14.99939
38.55040582228026
25.19989
25.498962
-14.819336
38.79232189855681
25.138855
25.2594
-14.579773
38.50414382630621
25.079346
24.479675
-14.878845
38.07371839243657
25.19989
23.81897
-15.238953
37.876160254505734
25.498962
22.918701
-15.119934
37.47100604394433
25.91858
21.899414
-14.93988
37.0750219282007
26.69983
21.238708
-14.338684
37.00758737661103
26.939392
20.819092
-14.219666
36.89667000980576
26.818848
20.219421
-14.279175
36.496170470124326
27.119446
19.799805
-14.518738
36.582650029804086
27.659607
19.67926
-14.279175
36.82691846772039
27.95868
19.499207
-13.798523
36.77371218959442
28.019714
19.439697
-13.139343
36.5465259576107
27.719116
20.039368
-12.95929
36.5768901970134
27.059937
20.098877
-13.319397
36.24377808942264
26.399231
20.219421
-13.378906
35.84326299255029
25.979614
20.698547
-13.198853
35.74325049648797
25.679016
20.939636
-12.719727
35.49185302093109
25.619507
21.299744
-12.419128
35.55661611034928
25.439453
21.899414
-12.179565
35.70842924220152
25.498962
22.37854
-12.419128
36.12797856178695
25.79956
22.558594
-12.478638
36.47223432904988
26.098633
23.039246
-12.298584
36.921546033765125
26.638794
23.519897
-11.819458
37.4501067828501
26.998901
23.519897
-11.459351
37.595782623769786
27.418518
23.81897
-11.579895
38.12102310200698
27.539063
24.238586
-11.639404
38.4887615496394
27.89917
24.659729
-11.938477
39.102342181287554
27.95868
25.079346
-12.239075
39.50261129125675
28.259277
25.439453
-12.419128
39.99983978239397
28.379822
25.679016
-12.298584
40.20051366373476
28.318787
26.159668
-12.539673
40.54041675445629
28.379822
26.45874
-12.89978
40.888672574710405
28.379822
27.119446
-13.018799
41.356593160602124
28.199768
27.659607
-13.198853
41.64721453489567
27.83966
27.719116
-13.378906
41.501701595857035
27.598572
27.95868
-13.859558
41.658808178200744
26.998901
27.778625
-14.099121
41.22351185534173
26.759338
27.418518
-14.399719
40.92907684097807
26.45874
27.059937
-14.639282
40.57848900010016
25.91858
26.879883
-14.639282
40.107472807445745
25.2594
26.519775
-14.579773
39.41960828798436
25.079346
25.91858
-14.4592285
38.85634663511387
24.899292
25.19989
-14.399719
38.24083166008145
24.299622
24.598694
-14.15863
37.363540780920374
23.939514
24.659729
-13.739014
37.01301304630069
23.278809
24.659729
-13.439941
36.47790025524016
22.619629
24.719238
-13.259888
36.034885034548466
22.558594
24.958801
-13.079834
36.09589921902054
22.499084
24.839783
-13.018799
35.95431501996231
21.958923
24.778748
-13.139343
35.62054179889569
21.839905
24.958801
-13.018799
35.62881352944026
21.539307
25.138855
-12.89978
35.52897557584161
21.418762
25.318909
-12.719727
35.51903786395755
21.539307
25.559998
-12.359619
35.63727516041841
22.259521
25.559998
-12.239075
36.03601984906907
22.259521
25.559998
-11.819458
35.89567368985345
22.439575
25.498962
-11.698914
35.92487040305869
22.679138
25.439453
-11.51886
35.974895625065756
22.679138
25.679016
-11.399841
36.10694597790794
23.098755
25.498962
-10.798645
36.06050789287621
23.458862
24.899292
-10.679626
35.8377930697382
23.75946
24.899292
-10.85968
36.089046974441395
23.878479
24.958801
-10.85968
36.208509391353715
24.179077
24.839783
-11.399841
36.491081088718616
24.299622
24.839783
-11.878967
36.72323941969938
24.839783
24.719238
-12.298584
37.1390736424002
25.2594
24.179077
-12.838745
37.249139763032616
25.79956
23.999023
-13.378906
37.690390708479164
26.219177
23.699951
-13.798523
37.94116796518657
26.939392
23.2193
-14.219666
38.30229172984056
27.359009
23.039246
-14.399719
38.55741425894555
27.89917
23.098755
-14.399719
38.97779096455522
28.49884
22.679138
-14.4592285
39.186688525788796
28.439331
22.558594
-14.518738
39.095771767765214
28.678894
22.979736
-14.279175
39.42641422538797
28.49884
23.519897
-14.279175
39.61393896289853
28.318787
24.598694
-14.219666
40.11543706624203
28.079224
25.619507
-13.859558
40.45848989145387
27.659607
26.219177
-13.798523
40.532680559757885
27.479553
26.039124
-14.099121
40.39736404128833
27.23999
26.69983
-14.099121
40.665502646208004
27.178955
26.879883
-14.15863
40.76383727873886
26.939392
26.998901
-14.338684
40.74640363491835
26.818848
27.178955
-14.338684
40.78656873841099
27.2995
27.598572
-14.518738
41.445597460141954
27.539063
27.418518
-14.639282
41.52690263646116
27.83966
26.879883
-14.93988
41.48222246063291
27.95868
27.059937
-15.179443
41.765338569911954
27.95868
26.638794
-15.478516
41.604057290218854
27.719116
26.519775
-15.119934
41.23421365779348
27.83966
26.278687
-15.119934
41.161005740320384
28.379822
25.738525
-14.6987915
41.035843231101026
28.49884
25.138855
-14.279175
40.59606842397888
28.318787
24.479675
-13.919067
39.93680921742184
27.95868
24.119568
-13.919067
39.46114244032112
27.83966
23.339844
-13.499451
38.7560321665786
27.89917
22.619629
-12.89978
38.163014155253286
28.259277
21.899414
-12.658691
37.926423166688814
28.379822
20.999146
-12.239075
37.36540297981209
28.559875
20.579529
-12.179565
37.2495002457038
28.49884
20.159912
-12.419128
37.05186497657287
28.678894
19.979858
-12.719727
37.1949605173957
29.159546
19.558716
-12.838745
37.385236174044195
29.219055
18.959045
-12.719727
37.080857463580514
29.458618
18.719482
-12.838745
37.18954990411033
29.278564
18.47992
-13.079834
37.011129818863274
29.159546
18.778992
-13.319397
37.15287417643906
28.559875
19.259644
-13.619995
37.04193048772988
28.318787
19.499207
-13.679504
37.00407428475782
28.379822
19.319153
-13.679504
36.95636547631206
28.259277
19.259644
-13.378906
36.72214246296521
28.259277
19.799805
-13.319397
36.98682725816044
28.079224
20.159912
-13.079834
36.95871885515057
27.95868
20.759583
-13.018799
37.17710431113399
28.259277
21.539307
-12.539673
37.679860012823
28.619385
21.598816
-12.359619
37.92543182227791
28.979492
21.539307
-12.478638
38.20299878557883
28.979492
21.77887
-12.89978
38.4777133393881
28.919983
22.31903
-13.439941
38.92475400833479
28.559875
22.918701
-14.099121
39.23924700933206
28.259277
23.399353
-14.93988
39.614599938915354
28.49884
23.638916
-15.299988
40.0633470561778
28.379822
23.399353
-16.018677
40.11909912071572
27.89917
23.278809
-16.679382
39.98085021343421
27.2995
23.278809
-17.399597
39.87369585445711
26.519775
23.15979
-17.878723
39.48826405461343
25.619507
22.918701
-17.999268
38.802056767328715
25.318909
22.499084
-18.23883
38.46960834998925
25.138855
22.138977
-18.23883
38.14120109151159
24.958801
21.77887
-18.598938
37.989228980787274
24.539185
21.539307
-18.899536
37.72672509154237
24.238586
21.1792
-19.378662
37.57126691577288
24.179077
20.999146
-19.558716
37.525126673149785
24.179077
20.759583
-19.619751
37.42355815630209
24.778748
20.339966
-19.439697
37.49136456561948
25.318909
19.799805
-19.198608
37.43882868833756
26.098633
19.499207
-19.1391
37.784425915936254
26.219177
19.319153
-19.07959
37.74527372369371
26.339722
19.198608
-19.198608
37.82795397008012
26.69983
19.378662
-19.198608
38.17066776897789
26.818848
19.259644
-19.018555
38.103672953904656
27.23999
18.659973
-18.778992
37.98502576828384
28.079224
18.719482
-18.47992
38.47556708737783
28.919983
18.058777
-18.47992
38.78133970829673
29.3396
17.338562
-18.299866
38.68233444412158
29.99878
16.139221
-18.23883
38.64008478696378
