27.659607
19.67926
-17.939758
38.39481878294258
27.778625
20.399475
-17.819214
38.79838995984966
27.539063
21.418762
-17.57965
39.06670602355988
27.178955
21.899414
-17.69867
39.134677068026896
27.178955
22.37854
-17.819214
39.459080614843906
27.479553
23.098755
-17.399597
39.89265993144917
27.418518
23.878479
-16.619873
39.97720755659952
27.539063
24.539185
-16.079712
40.23839785713859
27.479553
25.19989
-15.658569
40.439475717287216
27.539063
25.738525
-15.419006
40.72612563908225
27.719116
26.159668
-15.119934
41.003538397714074
27.719116
26.519775
-14.878845
41.14642091484462
27.598572
26.638794
-14.6987915
41.077499460337926
27.659607
26.759338
-14.579773
41.154413991887004
27.659607
26.759338
-14.399719
41.09097097304726
27.659607
26.579285
-14.399719
40.9739445958305
27.89917
26.159668
-14.219666
40.80307276505426
27.83966
25.318909
-13.859558
40.10213401234091
27.83966
24.35913
-13.439941
39.357920402855385
27.95868
23.458862
-13.018799
38.74913053460038
27.89917
22.799683
-13.018799
38.31029032422702
28.019714
22.738647
-13.018799
38.36195415209173
28.379822
22.558594
-13.139343
38.56094886467072
29.039001
22.439575
-13.139343
38.980000380804256
29.818726
21.479797
-13.139343
39.027944090380615
30.53894
20.759583
-13.319397
39.255490447495845
30.839539
17.69867
-14.518738
38.407209863920734
31.019592
17.219543
-14.639282
38.38015603085955
31.678772
16.619873
-12.89978
38.02852965055068
31.259155
15.899658
-12.239075
37.14470029177278
31.079102
15.419006
-11.698914
36.613126008219375
30.53894
15.119934
-11.039734
35.82059449861734
29.638672
15.779114
-10.198975
35.092026407473426
28.799438
16.319275
-9.838867
34.53302279103203
28.799438
17.098999
-9.47876
34.808481309786416
29.399109
18.179321
-8.81958
35.67324549765465
29.458618
18.838501
-8.578491
36.004024704494846
30.299377
19.259644
-8.879089
36.98410930143259
30.659485
19.499207
-9.359741
37.521032513236825
30.718994
19.73877
-9.838867
37.81638506642574
30.958557
19.799805
-10.438538
38.20245398183702
31.199646
20.27893
-10.679626
38.713142438465745
31.199646
20.518494
-10.85968
38.88906184082325
30.958557
20.639038
-11.338806
38.896922513930164
30.958557
20.819092
-12.059021
39.20824996393457
30.299377
21.418762
-12.419128
39.12863932005639
30.119324
21.71936
-12.779236
39.27102156508823
30.059814
22.37854
-12.838745
39.61344283845605
30.299377
23.098755
-12.89978
40.22448300728208
30.419922
23.399353
-13.198853
40.58461634639873
30.53894
23.75946
-13.499451
40.9801662202278
30.299377
24.119568
-13.798523
41.112103791037015
29.93927
24.119568
-14.099121
40.94995337775887
29.699707
24.119568
-14.579773
40.94381511405294
29.458618
24.179077
-14.6987915
40.847183888741036
29.3396
23.579407
-14.878845
40.47444307204471
29.159546
23.098755
-15.119934
40.15524834597045
29.399109
22.918701
-14.99939
40.181539944901935
29.3396
22.138977
-14.878845
39.652571367007525
28.979492
20.939636
-15.058899
38.79496981075236
28.678894
19.859314
-14.99939
37.971739851417794
28.079224
19.07959
-14.579773
36.94649451614118
27.059937
18.119812
-14.15863
35.51104822303106
26.339722
17.878723
-13.619995
34.6256257699545
25.498962
17.819214
-13.198853
33.792471829443755
24.41864
17.57965
-12.95929
32.76060628588473
23.519897
17.939758
-12.539673
32.12886421919743
23.039246
18.539429
-12.11853
31.958973333987124
22.679138
18.778992
-11.639404
31.661800398780034
22.859192
19.1391
-11.039734
31.79187806252074
23.458862
19.979858
-10.319519
32.49623626043099
23.519897
20.219421
-10.018921
32.59431364864986
23.999023
21.11969
-9.359741
33.31064576218465
24.058533
21.899414
-8.399963
33.599952189093585
24.479675
22.198486
-7.798767
33.95361754704865
25.019836
22.198486
-6.8389893
34.13995815996356
25.379944
22.679138
-5.758667
34.520241811530845
25.559998
22.439575
-4.978943
34.37496093747781
25.738525
22.619629
-4.019165
34.500332595770004
26.339722
23.039246
-3.1188965
35.13282379224857
26.45874
22.738647
-2.279663
34.96152146858654
27.119446
22.198486
-2.0996094
35.10905165071395
27.418518
21.839905
-2.0996094
35.1164479552273
27.539063
21.71936
-2.5787354
35.167890434004214
27.598572
21.77887
-3.5995483
35.340586175812085
27.719116
21.958923
-4.499817
35.648169548905315
27.95868
21.598816
-5.8792114
35.815663036582194
28.559875
21.1792
-7.258606
36.28928703509653
28.799438
21.058655
-8.938599
36.78006516252214
28.858948
21.058655
-10.559082
37.25318843841591
28.858948
21.1792
-11.999512
37.75427949408103
29.09851
21.418762
-13.079834
38.42614637959338
29.699707
21.058655
-13.439941
38.809427087492224
30.479431
20.698547
-14.099121
39.44883640057556
31.019592
20.518494
-14.15863
39.79560817084594
30.899048
20.339966
-14.338684
39.67446574841147
30.899048
19.67926
-14.338684
39.33983114418674
30.839539
19.319153
-14.4592285
39.15834803337757
30.718994
18.899536
-14.338684
38.81297491154697
30.239868
18.659973
-14.039612
38.20674030695124
29.638672
18.959045
-14.039612
37.88148568902509
28.73993
19.67926
-14.15863
37.599516390673166
28.199768
20.518494
-14.338684
37.70720586338157
27.719116
21.77887
-14.338684
38.05609648258985
27.479553
22.799683
-14.6987915
38.613545024706035
27.359009
23.458862
-14.93988
39.01325020305601
27.359009
23.878479
-15.179443
39.358768665933106
27.2995
24.179077
-15.59906
39.663850914099825
27.178955
24.479675
-16.079712
39.95631770094374
27.539063
24.41864
-16.079712
40.16499783121182
27.539063
24.238586
-16.259766
40.12840717621371
27.95868
23.638916
-16.619873
40.208286444812906
28.138733
22.738647
-17.098999
40.015123178715974
28.259277
22.499084
-17.158508
39.990123292351825
28.138733
22.558594
-16.97998
39.862239888713134
28.49884
22.079468
-16.799927
39.773412179573555
29.219055
21.899414
-16.259766
39.971458933805195
29.818726
21.659851
-15.658569
40.04368037394446
29.93927
21.1792
-14.6987915
39.50914803333922
30.059814
20.518494
-13.978577
38.98719929649185
30.178833
20.27893
-13.139343
38.6605649496559
29.93927
19.558716
-12.239075
37.79812323538283
30.178833
19.198608
-11.459351
37.55882430538961
30.358887
19.07959
-10.499573
37.362197979918484
30.659485
18.959045
-9.719849
37.33530402658873
30.839539
18.719482
-9.359741
37.27064464358562
31.619263
18.598938
-9.599304
37.91892467664151
32.099915
18.359375
-9.959412
38.29701206115824
32.63855
17.57965
-9.959412
38.38631309728931
33.299255
16.799927
-10.139465
38.65083076403404
33.358765
15.7196045
-10.198975
38.26136600941281
33.299255
14.6987915
-10.379028
37.8499556224971
32.87964
14.099121
-10.618591
37.31769652099138
32.03888
14.219666
-10.739136
36.66084530019732
31.13861
14.4592285
-10.978699
36.04461448536296
30.419922
15.238953
-10.499573
35.60671817096108
29.87976
16.259766
-9.899902
35.42863404580485
29.638672
17.399597
-9.118652
35.55765118251187
29.93927
17.819214
-8.578491
35.88139982659017
30.419922
18.838501
-8.099365
36.68597107386981
30.299377
19.558716
-7.798767
36.89737635436885
30.479431
19.73877
-7.6797485
37.11594349762309
30.659485
19.619751
-7.4386597
37.15201661911756
30.718994
19.319153
-7.319641
37.019770108770935
30.778503
19.259644
-7.6797485
37.11103121304112
30.599976
19.378662
-8.039856
37.10162254548732
30.419922
20.219421
-8.639526
37.534492600348614
29.818726
20.939636
-9.118652
37.560278701479476
29.93927
20.939636
-9.539795
37.76024281569175
29.759216
20.759583
-10.018921
37.642397283411526
29.399109
20.579529
-10.559082
37.407470479253874
28.919983
20.159912
-11.219788
36.99555571387089
28.379822
19.859314
-11.698914
36.56051510370768
28.019714
19.799805
-12.599182
36.549637160476706
28.019714
19.558716
-13.139343
36.60997185279579
27.778625
19.018555
-13.978577
36.452133773492946
27.539063
18.598938
-15.179443
36.53403840138758
27.659607
18.359375
-16.319275
36.99242096679231
27.539063
18.23883
-17.158508
37.221893562143805
27.659607
18.23883
-18.23883
37.82014869697021
27.778625
19.1391
-19.198608
38.81422034734016
