28.318787
17.759705
-16.259766
37.171774839608645
27.89917
18.359375
-16.378784
37.198050302254586
27.89917
18.299866
-16.378784
37.168714070627495
27.95868
18.899536
-16.139221
37.40795017543898
28.138733
19.619751
-15.59906
37.68359840656393
28.259277
20.219421
-15.59906
38.08861288680155
28.619385
20.458984
-15.419006
38.41074081250744
28.439331
20.458984
-15.419006
38.27677269735525
28.559875
20.339966
-15.238953
38.230961867477255
28.259277
20.698547
-15.179443
38.176329432074134
28.379822
21.058655
-15.119934
38.438179617975536
28.318787
20.639038
-15.119934
38.1645910595435
28.259277
20.759583
-15.478516
38.329250837011706
28.439331
20.819092
-15.419006
38.47045398845879
28.379822
21.058655
-15.359497
38.533043094936716
28.259277
20.939636
-15.359497
38.3792813674416
28.559875
20.939636
-14.93988
38.43611532058748
28.799438
20.759583
-14.099121
38.19886223661479
28.678894
20.098877
-13.55896
37.55381880236183
28.379822
19.499207
-13.259888
36.897938773625114
28.619385
18.598938
-12.779236
36.44583081758975
28.559875
18.299866
-12.298584
36.08055765401915
28.799438
18.23883
-12.179565
36.19950854563239
29.579163
18.359375
-12.298584
36.922197351005025
30.299377
17.878723
-12.658691
37.38908075060151
30.899048
16.97998
-12.779236
37.50173010331907
31.439209
15.539551
-12.89978
37.367175249579844
31.97937
14.819336
-12.89978
37.53261439807634
31.91986
14.579773
-12.779236
37.346433611733595
31.559753
14.579773
-12.539673
36.95715325559874
31.13861
14.338684
-11.938477
36.30066334352153
30.119324
14.219666
-11.158752
35.12677410166015
28.858948
14.279175
-10.559082
33.88551173102507
28.439331
14.819336
-9.959412
33.57972817834072
28.079224
16.43982
-9.359741
33.85727670009617
28.318787
17.878723
-8.999634
34.678463420332115
28.619385
19.378662
-8.81958
35.670531826990086
29.399109
19.73877
-9.118652
36.56605551622467
29.99878
19.619751
-9.298706
37.03143624689451
30.718994
19.499207
-9.658813
37.6452979405297
31.199646
19.439697
-9.899902
38.07003754646247
31.079102
19.67926
-10.679626
38.304546482761026
31.019592
20.27893
-11.279297
38.73851581335912
30.899048
20.819092
-11.579895
39.01640405209391
30.899048
20.639038
-12.239075
39.12180966175948
30.659485
20.939636
-12.719727
39.246196198047336
30.419922
21.659851
-13.378906
39.66756696774615
30.178833
22.31903
-13.919067
40.0330064017493
30.358887
23.098755
-14.399719
40.774580393303864
30.479431
23.399353
-14.759827
41.1628221783626
30.718994
23.579407
-14.759827
41.44270211501357
30.659485
23.638916
-14.878845
41.475081350696286
30.659485
23.519897
-15.179443
41.5163233263624
30.599976
23.278809
-15.539551
41.46973758950239
30.419922
23.339844
-15.59906
41.39384690414069
30.178833
22.979736
-15.59906
41.01415622370144
29.818726
22.619629
-15.478516
40.50170894831939
29.818726
21.899414
-15.299988
40.03536339619793
29.638672
20.698547
-15.419006
39.301736155591776
28.858948
19.558716
-15.359497
38.09588411782499
27.89917
18.838501
-15.238953
36.952381731425646
26.939392
18.119812
-14.93988
35.73875239640526
25.979614
17.57965
-14.338684
34.490323243787344
25.138855
17.459106
-13.679504
33.524787500491705
24.598694
17.279053
-13.378906
32.90374775327178
24.119568
17.759705
-12.658691
32.51773479459901
23.278809
18.838501
-11.878967
32.21648611408548
23.039246
19.499207
-11.338806
32.242741204053395
23.2193
19.979858
-10.85968
32.50020282388635
23.2193
20.458984
-9.838867
32.473208608693874
23.579407
20.999146
-9.118652
32.864909781130926
23.81897
21.418762
-8.459473
33.13109282114669
24.299622
21.899414
-7.559204
33.57376222239064
24.539185
22.439575
-6.9595337
33.97265243223217
24.958801
22.558594
-6.298828
34.22728739103404
25.379944
22.918701
-5.6991577
34.668267824414194
25.679016
22.799683
-4.798889
34.67371629292857
26.098633
22.859192
-4.019165
34.92613578593401
26.69983
22.259521
-3.5995483
34.94744589536373
27.23999
21.839905
-3.239441
35.06412060370169
27.719116
21.839905
-3.479004
35.46032044654807
27.539063
21.899414
-3.9596558
35.40710674437849
27.95868
21.539307
-4.9194336
35.63467864686905
28.259277
21.299744
-5.9387207
35.88222821617705
28.559875
20.878601
-7.1395874
36.09094449323906
28.619385
20.339966
-8.758545
36.18695352566654
28.619385
20.819092
-10.258484
36.84752684204192
28.73993
21.359253
-11.878967
37.72679465785889
29.039001
21.418762
-12.658691
38.23963139440138
29.87976
20.999146
-13.378906
38.89420621819849
30.53894
20.518494
-14.099121
39.400769717061046
30.839539
19.499207
-14.579773
39.29205984415776
30.839539
19.259644
-14.93988
39.30917271541482
31.13861
19.319153
-14.878845
39.550256362257784
30.839539
18.719482
-14.99939
39.070166435189876
30.53894
18.359375
-14.878845
38.61442228492403
29.93927
18.299866
-14.878845
38.11331628092323
29.399109
18.179321
-15.179443
37.75196600840809
28.619385
18.418884
-15.179443
37.26580188637264
28.019714
19.018555
-15.299988
37.16045497652713
27.598572
19.439697
-15.419006
37.112379812558
27.23999
20.098877
-15.59906
37.273484168646114
27.778625
20.819092
-15.59906
38.05807875337952
27.89917
21.238708
-15.59906
38.37677812961081
27.95868
21.238708
-16.319275
38.71807373047422
27.598572
21.299744
-16.679382
38.64663001761926
27.2995
21.598816
-17.279053
38.8630564701636
27.119446
21.839905
-17.518616
38.978810349342375
27.23999
22.439575
-17.63916
39.45493188931677
27.418518
22.619629
-17.518616
39.62732119335014
27.719116
22.738647
-17.459106
39.87751173760485
27.778625
23.039246
-17.399597
40.06500759995404
28.079224
23.098755
-17.098999
40.17923709766028
28.318787
23.15979
-16.799927
40.25626831528073
28.979492
22.679138
-16.079712
40.15857848307445
29.519653
21.839905
-15.179443
39.73420295873097
30.119324
20.458984
-14.219666
39.088905137939236
30.718994
19.499207
-13.378906
38.76687825463091
30.479431
18.539429
-12.359619
37.75534807936155
30.419922
17.518616
-11.878967
37.059188102973366
30.53894
16.679382
-11.399841
36.61673161520137
31.019592
15.9591675
-10.499573
36.4300854109193
31.439209
15.478516
-9.899902
36.41450751310355
32.27997
15.478516
-9.719849
37.095232502493666
32.51953
15.59906
-9.899902
37.401318727795214
32.87964
15.478516
-10.379028
37.79390684397751
33.1192
15.119934
-11.158752
38.07901780087936
33.299255
14.4592285
-11.579895
38.10516742096389
33.17871
14.039612
-11.759949
37.89767814509304
32.57904
13.499451
-12.059021
37.26994864855095
32.03888
13.499451
-12.179565
36.83838555624588
31.079102
13.439941
-12.419128
36.06629096192177
30.659485
13.919067
-12.478638
35.90906483744738
29.93927
14.6987915
-12.11853
35.48623777310103
29.699707
15.299988
-11.639404
35.378495437951074
29.759216
16.19873
-11.219788
35.69164373655531
29.99878
16.558838
-10.919189
35.96318375696874
30.059814
16.859436
-10.679626
36.081677499416166
29.87976
17.279053
-10.258484
36.008362540548305
29.99878
17.999268
-10.079956
36.40749729623007
29.93927
18.299866
-9.719849
36.41044269044339
30.239868
18.119812
-9.899902
36.61673494893165
30.479431
17.819214
-10.319519
36.783319225461256
30.358887
17.939758
-10.739136
36.86225614004621
29.87976
18.299866
-11.158752
36.77231133420056
29.699707
18.719482
-11.999512
37.10094147590378
29.399109
18.659973
-12.658691
37.05056853688281
29.458618
18.418884
-12.779236
37.01856652516579
29.159546
18.179321
-13.139343
36.78870994867175
28.73993
17.999268
-13.679504
36.56618571166536
28.079224
17.939758
-14.338684
36.274999798091834
27.2995
17.63916
-15.238953
35.8974709132656
26.638794
17.219543
-15.838623
35.45419580247167
26.579285
17.098999
-16.378784
35.59632892325415
26.69983
17.158508
-16.738892
35.88155291850884
26.939392
16.918945
-17.399597
36.259171792285876
26.998901
16.918945
-18.539429
36.86328601018566
26.879883
17.098999
-19.67926
37.445655609475416
26.879883
17.57965
-20.579529
38.1456319045633
26.998901
17.939758
-21.359253
38.820011413352425
