27.719116
20.098877
-15.658569
37.64976766040944
27.89917
20.159912
-15.478516
37.74082986975528
28.138733
20.039368
-15.59906
37.90376221999193
28.439331
19.918823
-15.419006
37.9907986392758
28.439331
20.098877
-15.179443
37.989155075104165
28.138733
20.159912
-15.119934
37.773307426094554
28.079224
20.639038
-15.119934
37.98717081442595
28.079224
20.759583
-15.658569
38.27001270015876
27.89917
20.878601
-15.899658
38.30246542223979
27.95868
21.058655
-15.779114
38.394467463892994
28.259277
21.539307
-15.59906
38.805400794984386
28.259277
21.238708
-15.658569
38.66342237169632
28.559875
21.1792
-15.7196045
38.87583996027851
28.858948
21.058655
-15.658569
39.00636591674813
28.919983
20.819092
-15.419006
38.82712681060997
29.09851
20.458984
-14.878845
38.557403178167355
29.278564
20.039368
-14.4592285
38.31292057273238
29.458618
19.619751
-13.978577
38.05450706306022
29.219055
18.838501
-13.499451
37.29446931391101
28.858948
18.838501
-13.319397
36.94772522651513
28.439331
18.659973
-12.95929
36.39963392136485
28.559875
18.598938
-12.478638
36.294675460690854
28.619385
18.838501
-12.059021
36.32324900072611
28.919983
18.778992
-12.059021
36.52993341297312
29.87976
17.819214
-12.179565
36.860090338544005
31.079102
16.378784
-12.478638
37.28125
31.619263
15.9591675
-12.359619
37.513103179505826
32.03888
15.359497
-12.298584
37.598657657118395
32.159424
14.878845
-12.298584
37.508181073746265
31.799316
14.15863
-12.419128
36.95805827271047
31.739807
13.439941
-12.059021
36.51667133182117
31.318665
13.439941
-11.338806
35.917394171926816
30.178833
14.219666
-10.739136
35.0469655594015
29.039001
15.658569
-10.139465
34.51467892829712
28.439331
16.499329
-9.838867
34.31948108912142
27.95868
17.459106
-9.599304
34.33154213192658
28.019714
18.539429
-8.999634
34.78229761730905
28.799438
19.619751
-8.699036
35.91678581011513
29.579163
20.039368
-8.81958
36.8006549942771
30.239868
20.219421
-9.298706
37.54651249564915
30.718994
20.518494
-9.899902
38.24491100490937
30.958557
20.698547
-10.499573
38.69241563076348
30.778503
21.11969
-11.039734
38.92599743573936
31.019592
21.539307
-11.099243
39.36178473667385
31.439209
21.659851
-11.639404
39.91301424416211
31.439209
21.77887
-11.999512
40.08405322871163
31.019592
22.138977
-12.239075
40.02679461447513
30.718994
22.679138
-12.658691
40.22738410138826
30.778503
22.859192
-13.018799
40.48886294354211
30.839539
23.2193
-13.259888
40.81712382880805
31.619263
22.859192
-13.499451
41.286264835444975
32.099915
22.439575
-13.919067
41.56536497409457
32.398987
22.31903
-13.978577
41.75205540879844
32.218933
22.558594
-14.039612
41.76195094670506
32.218933
22.679138
-14.579773
42.01158055096981
31.91986
22.558594
-14.99939
41.86584846361202
31.739807
22.37854
-14.93988
41.61026830856703
31.498718
21.71936
-14.878845
41.052160810687695
31.439209
20.579529
-14.819336
40.39249421448479
30.778503
20.039368
-14.639282
39.5373389579395
29.399109
19.378662
-14.518738
38.087186678232094
28.49884
18.47992
-14.819336
37.05811591376611
27.719116
17.939758
-14.399719
36.02133055403163
26.998901
17.219543
-13.619995
34.79881666955879
26.219177
17.03949
-12.779236
33.780146041744146
25.559998
16.918945
-12.059021
32.93909729879334
24.479675
17.878723
-11.399841
32.3861022529823
24.299622
18.539429
-10.798645
32.41593319047556
24.299622
19.439697
-10.258484
32.76598637735861
24.179077
20.219421
-9.359741
32.87943878957163
24.119568
20.219421
-8.699036
32.65350990298555
24.539185
20.458984
-8.039856
32.94511890060499
24.839783
20.518494
-7.6797485
33.12101980804637
25.318909
20.819092
-7.019043
33.52236055570315
25.738525
21.1792
-6.1798096
33.900150661077454
25.91858
21.479797
-5.218506
34.06445665251759
26.45874
21.238708
-4.258728
34.19480112280411
26.998901
20.878601
-3.5385132
34.31293936137194
27.479553
20.759583
-2.9388428
34.56476562138007
27.598572
20.698547
-2.0996094
34.56182010802799
27.83966
20.819092
-1.6189575
34.800893276632465
27.83966
20.639038
-1.979065
34.71214988457752
28.138733
20.999146
-2.4597168
35.19662785416648
28.318787
21.058655
-3.1799316
35.43349535077562
28.73993
20.819092
-4.559326
35.7799604025249
29.039001
20.579529
-6.1187744
36.11398749478431
29.3396
20.518494
-7.4386597
36.56712043455158
29.3396
20.759583
-8.999634
37.050855174214604
29.519653
21.058655
-10.559082
37.76732839042232
29.93927
21.598816
-11.399841
38.637094523814646
30.479431
21.659851
-11.878967
39.23333736431541
31.318665
21.238708
-12.599182
39.88334123670088
31.739807
21.058655
-13.198853
40.312430353622005
31.91986
20.759583
-13.319397
40.33911427665461
31.619263
20.458984
-13.798523
40.10918934997939
31.619263
20.039368
-13.919067
39.93863395788438
31.619263
19.558716
-14.039612
39.74206694128559
31.619263
19.1391
-13.978577
39.515611098752004
30.899048
18.659973
-14.518738
38.9068053424221
29.579163
18.899536
-14.93988
38.1486494912705
28.559875
19.259644
-14.93988
37.54730902526921
28.019714
19.859314
-15.179443
37.54879800266997
27.83966
20.698547
-14.93988
37.771373230823734
27.89917
21.238708
-15.238953
38.23182076674645
28.079224
21.539307
-15.238953
38.53064013862458
27.778625
22.079468
-15.478516
38.71355550556952
27.89917
22.499084
-15.838623
39.18462004718417
28.379822
22.31903
-16.378784
39.64615987916185
28.619385
22.558594
-16.738892
40.101744380310315
28.919983
22.198486
-16.799927
40.14194480119112
29.09851
22.079468
-17.03949
40.30596028592189
29.039001
21.77887
-17.279053
40.20134870250002
29.09851
22.198486
-17.279053
40.47297576875371
29.159546
22.079468
-17.158508
40.40045063031862
29.3396
21.899414
-16.799927
40.28193184547043
29.3396
21.77887
-16.19873
39.96911649558319
29.458618
21.299744
-15.478516
39.51042559209847
29.759216
20.819092
-14.639282
39.15806591210249
29.93927
20.159912
-13.859558
38.66354076860557
30.358887
19.859314
-12.539673
38.38356066719433
30.059814
19.319153
-11.579895
37.56216364502067
30.178833
19.018555
-10.919189
37.3054425643481
30.358887
18.119812
-10.258484
36.81339365161052
30.659485
17.759705
-9.899902
36.78884599240815
31.3797
17.158508
-9.658813
37.04581893001304
32.03888
17.158508
-9.719849
37.621531583281865
32.699585
17.219543
-9.959412
38.27486553903554
33.47931
16.799927
-10.198975
38.821652818228415
33.898926
15.838623
-10.499573
38.86180945832296
33.718872
14.99939
-10.618591
38.401803165061466
33.299255
14.759827
-11.039734
38.06006573188787
32.699585
14.6987915
-10.919189
37.47727175819366
31.91986
14.99939
-10.919189
36.92002018722363
30.778503
15.238953
-10.978699
36.056536890542645
30.239868
15.7196045
-10.85968
35.76993543815812
29.699707
16.738892
-10.618591
35.7073882848494
29.699707
17.57965
-10.438538
36.05661814305471
30.119324
18.119812
-10.198975
36.599457149961594
30.358887
18.418884
-9.599304
36.784016131649324
30.419922
18.659973
-9.539795
36.940140424873526
30.479431
18.899536
-9.239197
37.03445727144688
30.479431
19.378662
-8.879089
37.193636245309996
30.419922
20.039368
-8.459473
37.39666426363286
30.299377
19.799805
-8.758545
37.239718458379556
29.99878
20.159912
-9.239197
37.305651983605316
29.759216
20.27893
-9.959412
37.36356365059247
29.519653
20.458984
-10.919189
37.5394291410295
29.3396
20.698547
-11.039734
37.564846276555556
28.979492
20.518494
-11.639404
37.367034777808335
29.3396
20.159912
-11.999512
37.566240324384005
29.219055
19.198608
-12.719727
37.20391247591609
28.678894
18.899536
-13.319397
36.83853632799575
28.199768
18.23883
-13.919067
36.35412376131661
27.659607
17.878723
-14.639282
36.041798380057976
27.119446
17.63916
-15.119934
35.71017777714079
27.23999
17.279053
-16.079712
36.0435832372161
27.539063
17.03949
-16.738892
36.454554863727246
27.418518
17.158508
-17.57965
36.813498102980176
27.059937
17.279053
-18.47992
37.04474800146692
27.178955
17.03949
-19.558716
37.57104110725191
26.939392
16.918945
-20.759583
37.98607500823493
