26.759338
16.19873
-26.399231
40.931410568092446
26.998901
16.499329
-26.098633
41.015937498809535
26.998901
16.679382
-26.219177
41.16536950501447
26.939392
17.158508
-26.159668
41.285269900319015
26.818848
17.219543
-26.159668
41.23216648121191
27.059937
16.97998
-25.979614
41.17645254439271
27.059937
17.098999
-25.559998
40.96253707180959
27.178955
17.098999
-25.498962
41.00327492637021
27.23999
17.03949
-25.138855
40.79611947548213
27.119446
17.219543
-25.619507
41.089368231217975
26.998901
17.158508
-25.679016
41.02154272785749
26.818848
17.158508
-25.439453
40.75329202097513
26.879883
16.97998
-25.498962
40.75591885695868
27.23999
17.399597
-25.498962
41.16989440207644
27.2995
17.63916
-25.559998
41.34871444825628
27.059937
17.759705
-25.619507
41.27961176726654
26.998901
18.179321
-25.318909
41.23682317950184
27.178955
17.939758
-24.778748
40.92086076444538
27.479553
17.57965
-24.179077
40.605388896326005
27.778625
17.158508
-23.81897
40.41546322843213
27.83966
16.859436
-23.278809
40.014874553681594
27.479553
16.319275
-22.679138
39.189129127819044
27.2995
15.7196045
-22.259521
38.57272327006158
27.539063
15.238953
-21.479797
38.10521387184108
27.539063
14.579773
-21.238708
37.71011124664544
27.719116
14.039612
-21.418762
37.738885923436946
28.259277
14.099121
-21.479797
38.19363379032394
28.979492
13.619995
-21.899414
38.793034634233145
29.99878
13.679504
-22.198486
39.747056384227214
30.419922
13.378906
-22.439575
40.0986454532756
31.019592
12.779236
-22.619629
40.461976086062116
31.439209
11.999512
-22.979736
40.74899346916436
31.739807
11.158752
-23.278809
40.91254159264995
31.498718
10.798645
-22.619629
40.25453530106499
30.659485
10.379028
-22.259521
39.28377018069135
29.699707
10.679626
-21.77887
38.346397053597975
28.619385
11.279297
-21.058655
37.279467096408275
28.318787
11.938477
-20.759583
37.086940587076946
28.138733
12.658691
-20.698547
37.15455144877105
28.259277
13.55896
-20.579529
37.49598774108621
28.559875
14.518738
-20.579529
38.07856579299649
29.039001
15.119934
-20.878601
38.83029734868766
29.638672
15.658569
-21.11969
39.619223381183595
30.419922
15.539551
-21.11969
40.16080804627426
31.259155
15.119934
-21.359253
40.767203040557
31.678772
14.878845
-21.299744
40.97076713665031
31.91986
14.93988
-21.418762
41.241251439699305
31.97937
15.179443
-21.598816
41.46811416242002
31.739807
15.359497
-21.77887
41.44452535185588
31.799316
15.419006
-21.659851
41.44986647341656
31.739807
15.238953
-21.77887
41.40000247678888
31.97937
16.079712
-22.31903
42.18265597190094
31.498718
16.859436
-22.619629
42.28542743128979
31.318665
17.399597
-23.15979
42.661230535701996
31.259155
17.878723
-23.458862
42.97792089631969
31.3797
17.939758
-23.579407
43.156794495569436
31.559753
17.459106
-23.878479
43.25529033079726
31.619263
17.459106
-24.238586
43.49835833378514
31.559753
17.69867
-24.479675
43.68655835447987
30.899048
17.57965
-24.598694
43.230673292018594
30.778503
17.219543
-25.019836
43.24142882690381
30.599976
16.799927
-25.2594
43.08866789286076
30.659485
16.079712
-25.379944
42.92671239122267
30.718994
15.299988
-25.439453
42.71898860348507
30.599976
14.99939
-25.19989
42.38366142582982
30.119324
14.099121
-25.019836
41.61671599014857
29.458618
13.499451
-24.659729
40.720359834831086
28.799438
13.018799
-24.119568
39.757394162910124
28.019714
12.599182
-23.579407
38.72766651013604
27.418518
12.11853
-23.2193
37.917934745851134
26.519775
12.179565
-22.37854
36.77552625122702
25.079346
12.539673
-21.899414
35.57810098264451
24.179077
13.079834
-21.058655
34.62913163526484
23.699951
13.919067
-20.639038
34.37146998920398
23.939514
14.819336
-20.039368
34.55849109322664
23.878479
15.359497
-19.67926
34.54517712641393
24.299622
15.838623
-19.1391
34.75109598091836
24.299622
16.619873
-18.47992
34.759160213532205
24.35913
17.219543
-18.23883
34.96476497903372
24.659729
17.57965
-17.518616
34.98640046894561
25.079346
17.819214
-17.279053
35.285458741991896
25.679016
18.058777
-16.43982
35.43725370560355
26.098633
18.23883
-16.079712
35.670025343526355
26.69983
18.539429
-15.359497
35.95143242158875
26.879883
18.719482
-15.179443
36.10211449345367
27.178955
18.539429
-14.759827
36.05909794936466
27.778625
18.119812
-14.279175
36.10920259045815
28.559875
17.759705
-14.279175
36.53722082834674
28.858948
17.219543
-14.338684
36.53696023057508
29.039001
17.158508
-14.99939
36.91422040310143
29.039001
17.098999
-15.419006
37.059211160465054
29.09851
16.679382
-16.499329
37.37850762177712
29.278564
16.319275
-17.399597
37.76637327299661
29.759216
16.319275
-18.539429
38.67350691001205
29.93927
16.19873
-19.73877
39.34943211302023
29.818726
16.378784
-20.579529
39.76100937112811
30.178833
16.619873
-21.479797
40.60004792609933
31.13861
16.319275
-22.019958
41.482652094636954
31.3797
15.478516
-22.499084
41.599023543415356
31.678772
14.759827
-22.799683
41.72796012567593
31.858826
13.978577
-23.039246
41.7275944510569
31.318665
13.739014
-23.039246
41.23622224926315
30.839539
13.798523
-22.979736
40.860062135713584
30.659485
13.55896
-22.979736
40.64379072637511
30.358887
13.319397
-22.979736
40.33778276938384
29.638672
13.978577
-22.859192
39.95490011211078
29.159546
14.579773
-22.859192
39.816976298590276
28.799438
15.419006
-23.2193
40.07853922787886
28.439331
16.859436
-23.399353
40.50390003405536
28.619385
17.219543
-23.579407
40.88484208725772
28.979492
17.338562
-23.939514
41.39489231022349
29.278564
17.158508
-24.119568
41.634147303381724
29.278564
17.69867
-24.479675
42.06817906034352
29.039001
17.759705
-25.019836
42.245270052360596
29.039001
18.058777
-25.498962
42.656536171201246
29.3396
17.69867
-25.619507
42.78334003523232
29.638672
16.558838
-25.79956
42.64109878584348
29.93927
16.19873
-25.679016
42.64001236276644
30.059814
16.19873
-25.498962
42.616762858791844
29.818726
16.679382
-25.439453
42.5972290857193
29.87976
17.098999
-24.899292
42.48706432275152
30.059814
16.918945
-23.579407
41.78314903126319
30.239868
16.619873
-22.558594
41.22571935725849
30.299377
16.499329
-21.539307
40.67212561150219
30.059814
16.499329
-20.579529
39.99171514543278
29.699707
16.319275
-19.67926
39.18755762804774
29.579163
16.259766
-18.659973
38.56814054169257
29.818726
16.19873
-17.459106
38.16248957224309
30.659485
15.7196045
-16.738892
38.30535911735295
31.259155
15.179443
-16.799927
38.597769907040934
32.099915
14.518738
-16.918945
39.08259170793789
32.699585
13.919067
-17.338562
39.542749377355044
33.17871
13.319397
-17.338562
39.734858862075534
33.53882
12.419128
-17.518616
39.824476036748585
33.718872
11.459351
-17.999268
39.90304105637658
33.659363
11.039734
-18.418884
39.9259782627098
32.87964
11.399841
-18.659973
39.48698114173202
32.159424
11.878967
-18.838501
39.1181228979932
31.199646
12.359619
-18.838501
38.484636684554886
30.718994
12.779236
-18.299866
37.97170770372989
30.599976
13.55896
-17.939758
37.97418621062702
30.419922
14.4592285
-17.459106
37.937598138773396
30.239868
15.478516
-16.859436
37.92459173416538
30.178833
16.259766
-16.319275
37.96657336868018
30.178833
16.139221
-15.7196045
37.660886968133966
30.239868
16.139221
-15.359497
37.56112693777887
30.358887
16.259766
-15.238953
37.65989511662655
30.178833
16.799927
-15.419006
37.82519318202899
29.579163
17.399597
-15.838623
37.79596261558981
29.399109
17.999268
-16.079712
38.037328756186994
29.278564
18.418884
-16.558838
38.349507068315916
29.399109
18.23883
-17.158508
38.6183499534224
29.219055
18.058777
-17.939758
38.751871174580074
28.979492
17.69867
-18.838501
38.83224167060231
28.559875
17.279053
-19.558716
38.68818311442542
28.138733
16.799927
-20.219421
38.50780219745246
27.83966
15.9591675
-20.819092
38.25148715450486
27.83966
15.238953
-21.71936
38.45780713571043
27.778625
14.759827
-22.259521
38.535578946300554
27.359009
14.6987915
-22.859192
38.563098278381695
27.059937
14.819336
-23.75946
38.94052989064302
26.818848
14.99939
-24.238586
39.13746868511203
27.119446
14.878845
-25.019836
39.784878381761615
27.359009
14.6987915
-25.79956
40.37557595612801
28.079224
14.759827
-26.278687
41.19301669000994
28.379822
14.93988
-26.998901
41.92320423954898
29.039001
14.878845
-27.89917
42.93026117109876
29.87976
14.6987915
-28.678894
43.946939553212914
