18.359375
23.278809
-19.259644
35.35397350203811
20.159912
21.659851
-19.319153
35.33837547553651
20.878601
20.698547
-19.558716
35.31131773463361
21.418762
20.098877
-19.859314
35.45589662480347
21.659851
19.859314
-19.73877
35.400007379391006
22.019958
20.339966
-19.259644
35.63041694013873
22.37854
20.759583
-18.778992
35.83866334057483
22.799683
20.939636
-18.23883
35.929774984944586
22.918701
21.11969
-17.819214
35.90031364112645
23.039246
21.479797
-17.518616
36.04289572205943
23.278809
21.479797
-16.918945
35.91010164829146
23.579407
21.359253
-16.619873
35.89465516662961
23.999023
21.11969
-16.558838
36.00263119724724
24.299622
20.219421
-16.378784
35.60282512984837
25.079346
19.859314
-16.19873
35.85756395208862
24.839783
19.73877
-15.899658
35.48849085828302
24.719238
19.619751
-15.899658
35.33800413340873
24.778748
19.439697
-15.9591675
35.30698588032013
24.659729
18.899536
-16.139221
35.01098634770324
24.839783
18.539429
-15.9591675
34.86287836777017
24.719238
18.299866
-15.478516
34.43123950580708
24.539185
17.999268
-15.419006
34.11584662896317
24.179077
17.459106
-15.59906
33.65677953390297
24.41864
16.679382
-15.838623
33.54599439924795
24.958801
16.139221
-15.419006
33.48375706674339
25.318909
15.539551
-15.359497
33.4430705056182
25.979614
14.878845
-15.299988
33.62157096537411
26.638794
14.338684
-15.238953
33.874014414283145
26.998901
13.978577
-15.658569
34.19842254391549
27.479553
14.518738
-15.658569
34.80101078363242
27.598572
14.99939
-15.299988
34.93926790026159
27.598572
15.539551
-15.058899
35.07034643710766
27.119446
15.7196045
-14.93988
34.724204609208655
27.119446
16.259766
-14.759827
34.89551228086142
26.638794
16.97998
-14.279175
34.66756183740068
25.85907
17.69867
-14.15863
34.38606001051698
25.2594
18.23883
-14.15863
34.222199455132554
24.539185
18.299866
-14.338684
33.80317353467903
23.878479
18.299866
-14.518738
33.40449963258131
23.999023
18.299866
-14.4592285
33.46501861202418
24.35913
18.359375
-14.279175
33.679797139406325
24.35913
18.899536
-13.919067
33.827506128865565
24.659729
19.499207
-13.859558
34.357076293046966
24.719238
19.799805
-13.739014
34.52294159097324
24.958801
20.098877
-13.679504
34.84301078251742
25.559998
20.039368
-13.198853
35.05851518967521
26.159668
20.098877
-12.89978
35.421707859663016
26.039124
20.27893
-12.89978
35.435508927751414
26.399231
21.058655
-12.89978
36.14955946362365
26.45874
21.479797
-12.95929
36.460799395763736
26.278687
21.958923
-12.95929
36.61566480592272
26.579285
22.37854
-12.838745
37.0417442936007
26.818848
22.679138
-12.658691
37.33411878940294
27.059937
23.098755
-12.419128
37.68325179466751
27.23999
23.699951
-12.359619
38.16366187737525
27.598572
24.41864
-12.359619
38.86787138217438
27.359009
24.659729
-12.658691
38.94688828933417
27.178955
24.958801
-13.018799
39.12961265990327
27.178955
24.719238
-13.439941
39.11992341765414
27.2995
24.479675
-13.798523
39.17801046385906
26.998901
23.999023
-13.978577
38.73363439691336
26.638794
23.75946
-14.219666
38.42312040478525
26.399231
23.579407
-14.579773
38.28155612122501
26.039124
23.278809
-14.819336
37.94142374426911
25.619507
23.039246
-14.6987915
37.45958434078487
25.498962
22.198486
-14.878845
36.93710672908241
25.318909
21.659851
-14.878845
36.49076998290544
25.019836
21.299744
-14.819336
36.04558135953525
24.719238
21.11969
-14.93988
35.781029952926
24.299622
20.819092
-15.119934
35.39093887829906
23.999023
20.579529
-15.119934
35.04400832569314
23.939514
20.639038
-14.878845
34.93494232587911
23.699951
20.579529
-15.058899
34.81343271865401
23.15979
20.819092
-15.058899
34.5916291976379
22.799683
21.058655
-14.93988
34.44550121149259
22.198486
21.539307
-14.759827
34.27195670809536
21.839905
21.958923
-14.639282
34.256158205496426
21.71936
22.499084
-14.518738
34.47800972064476
21.899414
22.918701
-14.4592285
34.84136237615519
21.659851
22.738647
-14.579773
34.6231860845942
21.77887
22.619629
-14.518738
34.594226368671336
21.839905
22.37854
-14.579773
34.5014541982925
21.77887
21.958923
-14.93988
34.346957666969026
21.71936
21.598816
-15.058899
34.1322411759807
21.71936
21.238708
-14.93988
33.85282008539872
21.839905
20.518494
-14.99939
33.51076960750827
21.899414
20.159912
-15.119934
33.3859068232999
21.77887
20.039368
-15.419006
33.37126178737103
21.71936
19.799805
-15.779114
33.35780697427234
21.659851
19.619751
-15.779114
33.21241046633585
21.77887
19.378662
-15.59906
33.06330856171044
22.259521
18.659973
-15.419006
32.885051858590515
22.679138
18.119812
-15.419006
32.8696916014824
23.399353
18.299866
-15.179443
33.35911153291743
23.399353
18.23883
-15.119934
33.2986053632975
24.119568
17.939758
-15.299988
33.72948414348991
25.079346
17.759705
-15.359497
34.35541878371864
26.039124
17.819214
-15.419006
35.118457116926955
27.119446
17.999268
-15.238953
35.93972309700038
28.019714
18.659973
-15.238953
36.95300607803274
28.619385
19.619751
-15.238953
37.89762016615044
28.619385
20.458984
-15.299988
38.36311877097504
28.858948
21.418762
-15.359497
39.08345531669619
28.619385
22.138977
-15.179443
39.23797928735229
28.49884
22.558594
-14.93988
39.297252421149786
28.138733
22.619629
-14.579773
38.93591834418045
27.83966
22.918701
-14.338684
38.806073969845556
27.119446
23.278809
-14.338684
38.50928732086505
26.818848
23.519897
-14.6987915
38.58096163376358
26.519775
23.699951
-14.759827
38.507643696373776
26.638794
23.458862
-15.058899
38.55793030308827
26.69983
22.799683
-15.658569
38.44342719798227
26.278687
22.439575
-16.139221
38.13893508136567
26.159668
22.499084
-16.499329
38.24610950904843
25.85907
22.37854
-16.97998
38.1812805005812
26.159668
22.619629
-17.279053
38.65930035458803
26.219177
22.499084
-17.279053
38.629259979483166
26.579285
22.138977
-17.279053
38.66727718879767
26.759338
21.539307
-17.098999
38.371599375995196
26.879883
21.659851
-16.679382
38.339001399623235
26.818848
21.71936
-16.259766
38.14919666329407
26.69983
21.238708
-16.139221
37.74172903235307
26.638794
21.299744
-15.899658
37.631150867665475
26.69983
20.819092
-15.779114
37.35365977300618
26.69983
20.458984
-15.359497
36.97790032309416
26.399231
20.039368
-15.359497
36.52957418365375
26.219177
19.859314
-15.299988
36.275711517401696
26.039124
19.499207
-14.93988
35.79741719908016
25.91858
19.198608
-14.819336
35.496084937615834
25.979614
19.07959
-14.819336
35.47652551060613
26.45874
18.838501
-14.399719
35.528946371563535
26.519775
18.23883
-13.978577
35.09065408205225
26.998901
17.518616
-13.919067
35.06541041842374
27.418518
16.918945
-13.978577
35.120172460736505
27.83966
16.43982
-13.499451
35.036403362030114
28.138733
16.43982
-13.319397
35.20599778835188
28.73993
16.43982
-13.018799
35.577244924885804
29.039001
16.499329
-12.419128
35.63321759663394
29.278564
16.97998
-12.11853
35.95014383555196
28.979492
17.939758
-11.878967
36.09370772454234
28.559875
18.778992
-11.759949
36.14710781404665
28.079224
19.439697
-11.459351
36.023067289628806
27.2995
20.039368
-11.338806
35.712847418024865
27.178955
20.219421
-11.279297
35.703545539098776
27.2995
19.558716
-11.039734
35.35083821771858
27.83966
19.499207
-10.978699
35.71830913441838
27.83966
19.018555
-10.85968
35.421528656776125
28.49884
18.598938
-10.978699
35.75802330203321
29.219055
18.299866
-10.978699
36.18245491872148
30.299377
17.939758
-10.978699
36.88385917149685
31.318665
17.759705
-11.279297
37.72914527683224
32.159424
18.058777
-11.759949
38.71232732747251
32.458496
19.799805
-12.239075
39.94222206532362
32.27997
21.11969
-13.018799
40.71273429037207
31.739807
22.138977
-14.338684
41.269208654974385
30.899048
22.859192
-15.838623
41.571092861732055
30.119324
23.399353
-16.97998
41.749527797198645
28.919983
23.2193
-17.878723
41.17219817235594
27.89917
23.039246
-18.719482
40.73806082288865
26.879883
22.738647
-19.319153
40.15973051550676
26.399231
22.198486
-19.73877
39.74054802373217
25.85907
21.958923
-19.859314
39.31002513573191
25.679016
21.1792
-19.619751
38.63812921580023
25.85907
20.458984
-19.259644
38.18632363163545
25.738525
19.439697
-18.959045
37.414154670746775
25.79956
18.959045
-18.719482
37.087488611706206
25.679016
18.299866
-18.778992
36.700783503429804
25.2594
17.939758
-18.659973
36.16720575965107
24.839783
17.459106
-18.659973
35.63747725578018
24.719238
16.018677
-18.598938
34.83617840940471
