23.638916
24.119568
-15.539551
37.17565790965407
24.179077
23.399353
-15.478516
37.03703475387001
24.179077
23.458862
-15.779114
37.20116279999692
24.35913
23.638916
-15.658569
37.38122955765617
24.119568
23.399353
-15.9591675
37.20185844127111
23.939514
23.699951
-16.079712
37.32753963019462
23.75946
24.058533
-15.59906
37.237825388285465
23.999023
24.119568
-15.539551
37.40567237962546
24.119568
24.119568
-15.119934
37.31111773769231
24.539185
24.058533
-15.419006
37.666037045058076
24.839783
24.119568
-15.179443
37.804547846662906
25.079346
24.119568
-15.058899
37.914343414114896
25.2594
24.659729
-14.639282
38.215808221819344
25.2594
24.479675
-14.399719
38.00846848740176
25.85907
23.75946
-14.4592285
37.97726563456254
25.91858
23.278809
-14.338684
37.673248886187466
25.979614
22.799683
-14.099121
37.33029634747928
25.91858
22.619629
-13.798523
37.065072238943834
25.738525
22.37854
-13.798523
36.79225355798419
25.91858
22.31903
-13.798523
36.88239465051382
26.219177
21.598816
-13.919067
36.710959944928234
26.759338
20.819092
-13.679504
36.55989240167256
26.519775
21.11969
-13.378906
36.446328194582065
26.818848
20.819092
-13.319397
36.470420243457234
26.998901
20.458984
-13.859558
36.600521096444105
26.998901
20.219421
-13.978577
36.51254934629497
26.998901
20.039368
-13.919067
36.39034825732041
27.178955
20.039368
-13.55896
36.388421063574604
26.879883
19.918823
-13.198853
35.965223681399856
26.278687
20.399475
-12.95929
35.70225655398934
26.278687
20.759583
-12.539673
35.75993497223883
25.91858
21.058655
-12.298584
35.58784726626317
25.619507
21.659851
-11.759949
35.550030766512705
25.559998
21.899414
-11.459351
35.55579558397442
25.559998
21.899414
-11.219788
35.47931079010167
25.138855
21.598816
-11.219788
34.990778989010984
25.2594
22.079468
-11.158752
35.35615733260792
25.619507
22.439575
-11.219788
35.85773757154793
25.79956
22.679138
-11.219788
36.13646856503223
26.219177
22.799683
-11.158752
36.49367687899422
26.519775
22.918701
-11.039734
36.7483474463691
26.579285
23.039246
-10.978699
36.848297071510814
26.579285
23.638916
-10.85968
37.19125342139853
26.939392
23.939514
-10.85968
37.63992287379602
26.998901
24.479675
-10.798645
38.01060257616452
27.2995
25.079346
-10.559082
38.54517597339922
27.2995
25.379944
-10.438538
38.70874978051232
27.83966
25.79956
-10.499573
39.38153157632236
28.138733
26.159668
-10.618591
39.860644396192185
28.259277
26.579285
-10.618591
40.22188064495726
28.559875
26.45874
-10.85968
40.41861034845211
28.559875
26.939392
-10.85968
40.7348739540788
28.979492
27.178955
-10.978699
41.21939412641139
28.979492
26.939392
-11.219788
41.12694269015219
29.09851
26.818848
-11.819458
41.2997997805566
28.919983
27.059937
-12.239075
41.4535946896685
28.559875
26.818848
-12.658691
41.17231528464774
28.259277
26.519775
-12.95929
40.86353498182625
28.318787
26.69983
-13.198853
41.0979827905595
28.199768
26.278687
-13.259888
40.76298381631766
28.079224
25.559998
-13.378906
40.25855765975415
27.479553
25.318909
-13.319397
39.66836706625476
26.939392
24.719238
-13.259888
38.8921096291555
26.159668
24.119568
-13.259888
37.97244227160419
25.439453
23.81897
-12.779236
37.11896915451384
24.958801
23.81897
-12.478638
36.687894282911124
24.479675
23.2193
-11.819458
35.750384135283255
24.299622
23.519897
-11.459351
35.70677634501783
23.458862
23.999023
-11.099243
35.34776654343772
23.2193
23.75946
-11.399841
35.12270274404968
22.979736
23.81897
-11.399841
35.00525734789258
22.799683
23.939514
-11.099243
34.872898052136236
22.979736
23.699951
-10.919189
34.770456125001076
22.859192
23.638916
-10.559082
34.53744818524434
22.679138
24.238586
-10.618591
34.85121136479692
22.558594
24.119568
-10.679626
34.708761431621085
22.679138
24.119568
-10.739136
34.80554414630394
22.738647
24.479675
-10.499573
35.02201456093367
22.799683
24.659729
-10.319519
35.13431607439691
22.979736
24.479675
-10.079956
35.05607255036208
23.098755
24.778748
-10.018921
35.32587723665277
23.458862
24.539185
-10.198975
35.44726772351432
23.81897
24.479675
-10.198975
35.645714235506276
23.75946
24.719238
-10.198975
35.771102545822515
24.179077
24.479675
-10.319519
35.92178664625933
24.659729
24.058533
-10.438538
35.99830962557044
25.079346
23.81897
-10.739136
36.216651888646986
25.498962
23.699951
-10.978699
36.50228247625842
25.738525
23.638916
-11.459351
36.777529415689074
26.039124
23.878479
-11.51886
37.16048782603304
26.69983
23.638916
-11.759949
37.54964162195826
27.719116
22.558594
-12.059021
37.718157747007275
28.199768
22.079468
-12.359619
37.88786072390965
28.678894
21.958923
-12.658691
38.27421650947361
28.559875
21.479797
-13.018799
38.03337157701937
28.619385
21.418762
-13.079834
38.06461021449254
28.919983
21.598816
-12.89978
38.33116962020759
29.638672
21.659851
-13.079834
38.97027080783424
29.399109
21.899414
-13.018799
38.902199211813524
28.979492
22.619629
-13.499451
39.16240349692866
28.73993
23.039246
-13.978577
39.39785423051298
28.138733
23.81897
-13.919067
39.40649781841188
28.259277
24.539185
-13.679504
39.8483024360041
28.138733
25.138855
-13.919067
40.21803976645617
28.079224
25.318909
-14.15863
40.3727233055856
27.719116
25.619507
-14.399719
40.39876761492469
27.778625
25.79956
-14.99939
40.77071224006885
27.659607
26.098633
-15.058899
40.901867543605974
27.719116
26.098633
-15.058899
40.94213505487424
28.079224
25.619507
-15.058899
40.88486746579121
28.379822
25.138855
-14.99939
40.77202511804586
28.619385
24.899292
-14.819336
40.72660820901905
28.858948
24.839783
-14.338684
40.687241982668844
28.858948
24.839783
-13.919067
40.54126586925043
28.619385
24.479675
-13.378906
39.966471543735885
28.979492
24.179077
-12.89978
39.88537347923578
29.039001
23.699951
-12.179565
39.4118394752175
28.799438
23.339844
-11.279297
38.747626250379035
28.678894
23.15979
-10.85968
38.42899105513473
28.619385
22.799683
-10.559082
38.0839735070533
28.678894
22.439575
-10.198975
37.81577013235516
28.979492
21.71936
-9.658813
37.481119921714416
29.458618
21.11969
-9.539795
37.48145049033422
29.519653
20.219421
-9.4192505
36.999420986284534
29.699707
19.918823
-9.298706
36.949938750054955
30.119324
19.378662
-9.47876
37.04798375871402
30.299377
19.1391
-9.539795
37.085915282013566
30.599976
19.319153
-9.239197
37.3490418583178
30.659485
19.1391
-9.239197
37.30511861661882
30.419922
19.439697
-9.838867
37.41759989933297
30.059814
19.67926
-10.018921
37.2993901670783
29.699707
20.098877
-9.899902
37.20276078675143
29.399109
20.698547
-10.018921
37.32447364676175
29.219055
21.359253
-9.719849
37.47594280418439
29.3396
22.079468
-9.359741
37.89353242711331
29.159546
22.499084
-9.359741
38.001219077382075
29.219055
22.979736
-9.4192505
38.347670375684984
29.278564
23.2193
-9.4192505
38.536896699482206
29.399109
23.579407
-9.4192505
38.84608488054974
29.399109
23.939514
-9.359741
39.05141092601521
29.638672
24.179077
-9.4192505
39.39290422551138
29.93927
24.119568
-9.899902
39.7003962191933
30.178833
24.058533
-10.379028
39.96622567038246
29.99878
24.299622
-10.798645
40.087518696889155
29.759216
24.179077
-11.819458
40.12403711607529
29.579163
24.179077
-12.419128
40.17199806719772
29.159546
24.058533
-13.139343
40.02167381557148
28.979492
23.999023
-13.798523
40.076967575879856
28.49884
23.399353
-14.279175
39.54248852105163
28.259277
23.579407
-14.518738
39.56474309893058
27.539063
23.339844
-15.058899
39.11417363439451
27.059937
22.799683
-16.079712
38.866731310136885
26.278687
22.619629
-16.679382
38.47620954787354
26.039124
21.958923
-16.97998
38.059820372117
25.979614
21.1792
-16.97998
37.57417306402514
26.219177
20.759583
-17.098999
37.56036807593877
26.219177
20.579529
-17.459106
37.62688818974737
25.738525
20.518494
-18.058777
37.54463489468235
25.679016
20.698547
-18.359375
37.747959511285174
25.79956
20.458984
-18.23883
37.640965518385016
26.519775
20.159912
-17.939758
37.83590120403999
