21.71936
20.698547
-18.058777
35.0182796154603
21.479797
20.759583
-18.539429
35.157536434796775
21.598816
20.458984
-18.959045
35.27781586198595
21.539307
20.039368
-19.259644
35.16321805945632
21.77887
19.918823
-19.558716
35.40652581534229
21.958923
20.098877
-19.07959
35.35802513441963
22.019958
20.518494
-18.47992
35.31847294617931
21.71936
20.819092
-18.418884
35.27634349186789
21.958923
21.1792
-18.539429
35.6996254439166
22.019958
21.418762
-18.179321
35.69495256576026
22.439575
21.359253
-17.878723
35.76871368816958
22.198486
21.539307
-17.338562
35.45899507926374
22.259521
21.479797
-17.279053
35.43209835375263
22.31903
20.999146
-17.57965
35.32913048657581
22.679138
20.819092
-17.63916
35.48123231624977
23.2193
20.759583
-17.158508
35.5599563842094
23.519897
20.339966
-16.799927
35.34313694483785
23.939514
19.67926
-17.098999
35.39419994361276
23.75946
19.319153
-17.158508
35.102079793929235
23.999023
18.899536
-17.338562
35.12508166972267
24.119568
18.539429
-17.219543
34.95678309813866
24.058533
18.598938
-16.738892
34.71201625180573
23.999023
17.939758
-16.679382
34.29270867347843
23.939514
17.219543
-16.799927
33.93892434856326
24.299622
16.018677
-16.918945
33.66482307245948
24.719238
15.658569
-16.19873
33.44593205598777
24.899292
15.238953
-15.539551
33.07080435347676
25.498962
14.4592285
-15.59906
33.20537676188056
25.91858
14.099121
-15.419006
33.29119569702326
26.818848
13.499451
-15.658569
33.86261232793293
27.598572
13.55896
-15.59906
34.47980826127627
28.379822
13.679504
-15.299988
35.02331812521481
28.259277
14.219666
-14.99939
35.010960197977646
28.138733
14.579773
-15.299988
35.19158467355424
28.019714
15.119934
-15.478516
35.401995276131686
27.359009
16.43982
-14.93988
35.2417813723551
26.879883
17.158508
-14.878845
35.18980690151091
26.45874
17.518616
-14.579773
34.92186451342124
25.91858
17.518616
-14.338684
34.413261731603015
25.138855
17.69867
-14.219666
33.873349533132235
24.958801
17.999268
-14.219666
33.898587843927956
24.958801
18.179321
-13.798523
33.8205371830721
25.138855
18.778992
-13.55896
34.18271504448557
25.379944
18.659973
-13.439941
34.248624231036636
25.439453
18.598938
-13.378906
34.23567468151369
25.439453
19.259644
-13.319397
34.5760897361936
25.559998
19.619751
-13.139343
34.797850233302846
25.738525
19.799805
-13.139343
35.030647156944944
25.91858
20.039368
-13.259888
35.34364983960167
26.278687
20.399475
-13.259888
35.81246250543413
26.519775
20.339966
-12.95929
35.84628199154255
27.059937
20.039368
-12.95929
36.079906368430166
27.418518
20.399475
-13.018799
36.57051861857102
27.418518
20.579529
-13.079834
36.69297133658996
27.539063
20.819092
-13.319397
37.00325451533368
27.598572
21.299744
-13.439941
37.362978836008246
27.95868
21.71936
-13.198853
37.78396553774911
28.019714
21.958923
-13.679504
38.136957013301085
28.019714
22.259521
-14.15863
38.48450980741716
27.83966
22.799683
-14.878845
38.939083159027064
27.359009
22.918701
-15.238953
38.807318054334964
27.059937
22.738647
-15.658569
38.658466741210134
26.638794
23.098755
-15.838623
38.652810957572996
26.278687
22.558594
-16.19873
38.23425687047546
26.399231
22.079468
-16.43982
38.14039776151069
26.039124
21.77887
-16.378784
37.691108088065675
25.559998
21.1792
-16.619873
37.12266373909525
24.899292
20.27893
-16.738892
36.2132592634849
24.598694
19.619751
-16.619873
35.584415273425
24.539185
18.659973
-16.499329
34.965611593973655
24.659729
17.819214
-16.319275
34.52456100372603
24.839783
17.939758
-16.018677
34.57524770563835
24.179077
18.299866
-15.779114
34.183231066311045
23.81897
18.418884
-15.838623
34.02147220931308
23.579407
18.539429
-15.779114
33.892171976565066
23.458862
19.07959
-15.539551
33.99745078908491
23.458862
19.378662
-15.179443
34.003915000357864
23.579407
19.799805
-14.6987915
34.11854441857371
23.2193
20.098877
-14.579773
33.995154540413
23.2193
20.27893
-14.579773
34.10191598470862
22.918701
20.159912
-14.878845
33.95686925684643
23.2193
20.159912
-15.058899
34.23928108387536
23.278809
20.098877
-15.058899
34.24380503965279
23.75946
19.73877
-15.119934
34.391036742196725
23.579407
19.439697
-15.179443
34.12192529932642
23.399353
19.619751
-15.119934
34.07457677252298
23.81897
19.73877
-14.93988
34.35349114013923
23.699951
19.67926
-14.93988
34.23683704348559
24.119568
19.73877
-14.759827
34.485143143914165
24.179077
19.198608
-14.279175
34.016306837447466
24.479675
18.899536
-13.978577
33.938881187363855
24.299622
18.959045
-13.55896
33.671389207632565
24.719238
18.838501
-13.499451
33.88458409162639
24.839783
18.539429
-13.978577
34.00185075098395
25.079346
18.179321
-14.099121
34.03302193504494
25.559998
17.759705
-14.15863
34.19338207796485
26.219177
16.918945
-14.518738
34.41641503735445
26.579285
16.799927
-15.119934
34.88994625403391
27.178955
16.679382
-15.419006
35.42094279485743
27.778625
16.619873
-15.658569
35.959185033607895
28.318787
17.158508
-15.7196045
36.653430931134366
28.919983
18.058777
-15.539551
37.46948791235427
29.278564
18.778992
-15.359497
38.023664634877385
29.3396
19.319153
-15.359497
38.34000433773042
28.858948
20.458984
-15.419006
38.58956676468314
28.559875
21.11969
-15.238953
38.65143557074805
27.778625
21.839905
-15.299988
38.50614424388983
27.418518
22.37854
-15.419006
38.604662235137646
27.119446
22.738647
-15.419006
38.603836928289105
26.998901
22.37854
-15.478516
38.33176514002453
26.69983
22.558594
-15.779114
38.350377636259985
26.69983
22.738647
-16.139221
38.605718349200714
26.69983
22.499084
-16.259766
38.51583576260792
26.579285
22.259521
-16.319275
38.31792567107952
26.579285
22.019958
-16.378784
38.20473060276289
26.879883
21.539307
-16.558838
38.21864619517792
27.418518
20.999146
-16.679382
38.35284917759126
27.359009
21.238708
-16.558838
38.39001449453523
27.359009
20.819092
-16.43982
38.10797359303152
27.059937
20.579529
-16.43982
37.762744899487245
26.69983
20.518494
-16.378784
37.44534591460015
26.879883
20.399475
-16.018677
37.353241471624656
27.178955
19.73877
-15.779114
37.11192754379143
27.2995
19.558716
-15.419006
36.95337275286926
26.998901
19.378662
-15.119934
36.511444387877376
27.059937
18.598938
-15.238953
36.199259005386594
26.759338
18.179321
-15.359497
35.81150808508523
26.939392
17.279053
-15.058899
35.37042400836114
27.479553
16.139221
-14.639282
35.07005753555125
27.778625
15.419006
-14.579773
34.9566538926023
28.019714
15.299988
-14.099121
34.899559424824766
28.439331
15.058899
-13.739014
34.99037604850261
28.559875
15.299988
-13.439941
35.07688959405822
28.799438
15.478516
-13.439941
35.350021547907154
29.399109
15.539551
-13.079834
35.73328014009227
29.399109
15.779114
-12.599182
35.66549404985598
29.3396
16.499329
-12.298584
35.837064137783734
29.3396
16.799927
-11.938477
35.85494253651615
29.399109
17.518616
-12.179565
36.32562827441874
28.858948
18.179321
-12.059021
36.17660268780431
28.799438
18.299866
-12.179565
36.230298390771985
28.619385
18.299866
-12.239075
36.10746830751396
28.318787
18.23883
-12.11853
35.797589405245745
28.379822
18.058777
-12.11853
35.75461447218649
28.379822
18.23883
-12.179565
35.8665723305446
28.799438
18.598938
-12.059021
36.342097447381875
29.09851
18.719482
-11.698914
36.52405998801081
29.818726
19.07959
-11.819458
37.32139759909856
30.53894
19.07959
-11.938477
37.93659099765604
31.199646
19.319153
-12.11853
38.64590984381465
31.858826
19.73877
-12.838745
39.61612214476655
31.91986
20.759583
-13.499451
40.39892322880493
31.678772
21.598816
-14.399719
40.95613989999317
31.3797
22.259521
-15.299988
41.40364083760479
30.778503
22.439575
-16.079712
41.344987108286475
29.99878
21.958923
-17.03949
40.895786238086316
28.858948
21.839905
-17.939758
40.3937529011294
27.659607
21.299744
-18.598938
39.55570050426123
26.579285
20.639038
-18.838501
38.56575401586879
26.039124
19.918823
-19.1391
37.96183064523496
26.278687
18.838501
-19.018555
37.512183893099156
25.91858
17.819214
-19.259644
36.88130904714812
25.738525
17.03949
-19.799805
36.67217125466189
25.85907
16.018677
-20.039368
36.42616810283852
25.498962
15.058899
-20.039368
35.756731159911524
25.379944
14.399719
-19.799805
35.26366057056382
25.439453
14.039612
-19.67926
35.09344389893218
25.738525
12.95929
-19.499207
34.794164900638336
