26.759338
33.1192
-20.219421
47.13563996263868
27.178955
33.47931
-20.339966
47.678862463163384
27.598572
33.779907
-20.339966
48.12979886787914
27.719116
33.47931
-20.458984
48.03939728396111
27.83966
33.239746
-20.399475
47.91728458614256
28.019714
33.1192
-20.27893
47.88758656756075
28.079224
33.358765
-19.979858
47.96295262198471
28.559875
33.659363
-19.499207
48.25803952613751
28.73993
33.898926
-19.259644
48.43608868911692
28.979492
33.718872
-18.838501
48.28728977190193
28.858948
33.779907
-18.778992
48.23454709233958
28.73993
34.01947
-18.659973
48.28563390291413
28.799438
34.439087
-18.719482
48.640283688169674
28.799438
34.498596
-18.659973
48.659586630937895
28.619385
34.318542
-18.598938
48.401982946207895
28.559875
34.259033
-18.838501
48.417321905975705
28.49884
33.718872
-19.07959
48.09549877018768
28.138733
33.299255
-19.07959
47.58843792170662
28.318787
32.63855
-18.838501
47.13934318360036
28.49884
31.739807
-18.598938
46.53514559331071
28.619385
31.019592
-18.598938
46.12163086865397
28.678894
30.599976
-18.47992
45.829518070371414
28.979492
30.178833
-18.659973
45.81230815103077
29.039001
29.579163
-18.838501
45.53108377629232
29.09851
29.519653
-18.659973
45.456879356807754
29.399109
29.93927
-18.47992
45.84947987368559
29.3396
30.419922
-18.058777
45.95980007197866
29.09851
31.259155
-17.759705
46.252190615350855
28.979492
31.439209
-17.459106
46.185010293181165
29.159546
31.678772
-17.459106
46.46121008937187
28.979492
31.619263
-17.03949
46.151195665205954
28.919983
31.91986
-16.738892
46.21074928638763
28.858948
32.099915
-16.619873
46.25433626209412
29.039001
32.339478
-16.43982
46.46905472327794
29.219055
32.218933
-16.619873
46.5621408333463
29.759216
31.97937
-16.859436
46.82447537496416
29.699707
32.27997
-17.219543
47.12304683452408
29.458618
32.63855
-17.219543
47.21861556896813
29.699707
32.87964
-17.158508
47.51376239772536
29.818726
32.818604
-17.158508
47.546099648623915
30.178833
33.1192
-17.03949
47.9373293877342
30.53894
33.299255
-16.97998
48.26786829118311
30.718994
33.95996
-17.03949
48.85979722794856
30.599976
34.439087
-17.279053
49.20340286520461
31.079102
34.67865
-17.158508
49.62795173841048
31.3797
34.439087
-17.399597
49.734117282555644
31.559753
34.799194
-17.459106
50.11808321978206
31.318665
35.038757
-17.939758
50.303162953486336
31.259155
35.279846
-18.23883
50.54163902556609
30.839539
35.279846
-18.598938
50.4149287320978
30.839539
34.498596
-18.899536
49.9842260274429
30.659485
34.01947
-19.018555
49.58864478291628
29.99878
33.059692
-19.1391
48.57133978827561
29.399109
32.63855
-18.899536
47.820235281141706
28.678894
32.159424
-18.778992
47.00380999766801
28.619385
31.97937
-18.418884
46.70122737864472
27.89917
31.678772
-18.179321
45.96080934985534
27.719116
31.3797
-18.058777
45.59774442749334
27.059937
31.318665
-17.878723
45.08600180315116
26.579285
31.199646
-17.338562
44.50283084394744
26.219177
31.739807
-16.97998
44.53291252379034
26.638794
31.97937
-16.378784
44.72773128931382
26.579285
32.398987
-16.079712
44.885519255848955
26.638794
32.818604
-15.7196045
45.09758435058149
26.638794
32.939148
-15.7196045
45.185382038885095
26.399231
33.059692
-15.838623
45.174378659863024
26.579285
33.239746
-15.59906
45.328464321377304
26.519775
33.4198
-15.59906
45.42589797715891
26.69983
33.358765
-15.119934
45.32438960392903
26.339722
33.358765
-15.478516
45.23463946382103
26.638794
33.358765
-15.59906
45.45066758138707
26.519775
33.47931
-15.359497
45.38806737630773
27.178955
33.17871
-15.179443
45.49657117059757
27.418518
32.87964
-15.419006
45.50375317195687
27.539063
32.63855
-15.658569
45.484785617349566
27.89917
32.339478
-15.9591675
45.59496282228581
28.619385
32.27997
-16.499329
46.187589859520166
29.278564
32.159424
-16.499329
46.51548853691773
30.119324
32.099915
-16.558838
47.02949280355227
30.778503
31.498718
-17.098999
47.24257960913015
31.019592
31.498718
-17.819214
47.664543335756925
31.619263
31.439209
-17.819214
48.017976573557846
31.858826
31.498718
-17.819214
48.21491954568498
32.159424
31.498718
-17.819214
48.41406943379812
31.91986
31.678772
-17.819214
48.372993841637765
31.97937
32.398987
-18.23883
49.041100528185794
31.439209
32.699585
-18.359375
48.93621785517093
30.899048
33.4198
-18.598938
49.168635200704934
31.019592
33.599854
-18.539429
49.34445999726692
30.53894
34.01947
-18.899536
49.46861181282026
30.239868
34.379578
-19.319153
49.695419966280596
29.99878
34.739685
-19.439697
49.84650756478582
30.178833
35.099792
-19.619751
50.276156322169754
30.53894
35.099792
-19.499207
50.44642017620031
30.778503
34.91974
-19.799805
50.58395809351271
30.958557
34.61914
-19.979858
50.558004474130996
30.479431
34.259033
-20.27893
50.13893051826719
30.53894
33.839417
-19.979858
49.76874254363877
30.899048
33.599854
-19.319153
49.56744044575784
31.019592
33.1192
-18.899536
49.15576326841035
31.318665
32.699585
-18.299866
48.83652927672968
30.958557
32.27997
-17.759705
48.12313054404685
31.079102
31.739807
-17.399597
47.70819402727114
31.13861
31.259155
-16.859436
47.23333866296136
31.559753
30.718994
-15.9591675
46.844099189825926
31.799316
30.059814
-15.299988
46.35599920300904
31.799316
29.519653
-15.119934
45.948000500565854
31.97937
29.519653
-14.878845
45.99424110520523
32.03888
29.458618
-14.819336
45.97730524569975
32.218933
29.039001
-14.878845
45.85524363843927
32.27997
29.039001
-14.878845
45.8981496001609
32.339478
28.858948
-14.878845
45.82642022911701
32.099915
29.039001
-15.179443
45.87029256756899
32.218933
29.638672
-15.179443
46.33493310009873
32.159424
29.93927
-15.119934
46.46720008343251
32.57904
30.059814
-15.299988
46.89430592016876
32.339478
30.119324
-15.179443
46.72719666535887
32.099915
30.53894
-15.539551
46.95219945011229
31.858826
30.718994
-15.9591675
47.04610957115636
31.858826
31.13861
-16.19873
47.40249810054186
31.97937
31.259155
-16.499329
47.66594932034161
32.03888
31.259155
-17.03949
47.895393828634504
31.91986
31.619263
-17.759705
48.31213615645659
31.259155
31.91986
-18.47992
48.347901001491266
30.778503
32.099915
-19.558716
48.582549955269435
30.479431
32.159424
-20.399475
48.77871249806364
30.479431
31.619263
-20.759583
48.57708968822777
29.93927
31.13861
-21.1792
48.10957545021573
29.638672
30.839539
-21.539307
47.890184031411906
28.858948
30.659485
-21.958923
47.487231013978906
28.858948
30.419922
-22.079468
47.38895840706198
28.858948
30.119324
-22.019958
47.16875144925134
28.979492
29.458618
-22.019958
46.824136466777205
29.159546
28.979492
-22.079468
46.66468705111098
28.73993
29.219055
-22.439575
46.725488121948764
28.559875
29.278564
-22.738647
46.79686978297133
28.73993
29.159546
-22.799683
46.8624384210385
29.579163
28.919983
-22.979736
47.3218828419065
29.818726
28.73993
-22.859192
47.30415010532902
30.239868
28.379822
-23.2193
47.52893855326458
30.358887
28.49884
-23.519897
47.822918084749126
30.239868
28.678894
-23.579407
47.884412831186516
30.479431
28.678894
-23.339844
47.91892006703224
30.899048
28.858948
-23.098755
48.1782375987852
30.659485
29.278564
-23.15979
48.30749691106443
30.599976
29.818726
-22.918701
48.484860918448035
30.419922
30.119324
-22.918701
48.557306471001354
30.119324
30.358887
-22.979736
48.54795621583235
30.059814
30.53894
-22.979736
48.623940581325265
29.93927
30.358887
-22.679138
48.294567338107505
29.93927
30.358887
-22.558594
48.23807738058183
29.759216
30.419922
-22.619629
48.1936756337774
29.818726
30.718994
-22.37854
48.307474168568106
29.699707
31.019592
-22.439575
48.45433175295064
29.579163
31.199646
-22.558594
48.55136314544886
29.399109
31.439209
-22.558594
48.59651820893396
29.219055
31.678772
-22.439575
48.58839902210455
29.219055
31.97937
-22.619629
48.86799622132567
29.219055
32.03888
-22.558594
48.8787587469304
29.278564
31.91986
-22.679138
48.89228035308846
29.818726
31.858826
-22.679138
49.17808836260311
29.699707
31.619263
-22.499084
48.86777140438522
29.579163
31.199646
-22.558594
48.55136314544886
29.818726
31.13861
-22.31903
48.5480039899299
29.99878
30.899048
-22.37854
48.53325716229285
30.53894
30.958557
-22.198486
48.824499865430006
30.718994
31.318665
-22.499084
49.30237439610541
31.13861
31.739807
-22.679138
49.91364368759182
30.718994
31.97937
-22.679138
49.80642460205937
