28.439331
22.738647
-16.918945
40.150869046089774
28.379822
23.278809
-16.918945
40.41742190150261
28.079224
23.878479
-16.558838
40.40816229523591
28.019714
24.119568
-16.619873
40.534900086221995
28.259277
24.35913
-16.679382
40.86753921780402
28.259277
24.41864
-16.139221
40.68576135158113
28.019714
24.539185
-16.079712
40.56886747017348
28.019714
24.659729
-16.079712
40.64189552512284
27.659607
24.899292
-15.7196045
40.39968467060572
27.2995
25.379944
-15.838623
40.500200435943064
27.479553
25.559998
-15.539551
40.619170254788564
27.418518
25.85907
-15.419006
40.721152737532336
27.359009
25.91858
-15.419006
40.718961350660244
27.598572
25.979614
-15.119934
40.807278870185186
27.598572
26.039124
-14.6987915
40.6911720693199
27.539063
25.738525
-14.4592285
40.37252677215968
28.138733
25.19989
-13.798523
40.21469785822249
28.559875
24.539185
-13.018799
39.841275964856
28.678894
23.458862
-13.018799
39.27195252190566
29.039001
22.679138
-12.478638
38.901457096846805
29.09851
22.37854
-11.999512
38.620080529656946
29.278564
22.079468
-12.059021
38.60255466368126
29.759216
21.77887
-12.179565
38.83647734612718
30.659485
21.539307
-12.179565
39.39908117781746
31.619263
20.579529
-12.599182
39.774793270204434
32.099915
19.73877
-12.658691
39.75255955546683
32.398987
19.558716
-12.539673
39.8682966666694
31.97937
19.378662
-12.539673
39.43927046342896
31.619263
19.378662
-12.239075
39.052595619361526
31.019592
19.378662
-11.878967
38.455915304085536
30.358887
19.378662
-11.279297
37.7414508764278
29.579163
19.67926
-10.438538
37.029221001903515
28.379822
20.579529
-9.899902
36.42717846683555
28.259277
21.71936
-9.599304
36.91156985631758
28.079224
22.979736
-9.359741
37.47153379202088
28.858948
23.579407
-9.059143
38.352253985159564
29.93927
23.2193
-9.4192505
39.041234836748245
30.778503
22.918701
-9.719849
39.58609091271832
31.019592
23.039246
-10.079956
39.93278654697478
31.13861
23.15979
-10.798645
40.28150607220778
31.318665
23.519897
-11.279297
40.75864136233107
31.498718
23.81897
-11.51886
41.136317959601556
31.619263
23.878479
-11.639404
41.29691490491829
31.3797
24.479675
-12.658691
41.7634109612372
30.659485
25.619507
-13.079834
42.04099416557234
30.119324
26.519775
-13.499451
42.34037405822751
30.178833
27.059937
-13.739014
42.79909689832836
30.239868
27.479553
-13.739014
43.108420726118
30.718994
27.719116
-13.919067
43.65485748494948
30.53894
27.598572
-14.219666
43.54890306319796
30.53894
27.479553
-14.878845
43.69362299500566
30.299377
27.059937
-14.99939
43.304435915063884
30.479431
26.998901
-14.878845
43.35108310353964
30.299377
26.579285
-14.819336
42.943256641941176
30.479431
26.159668
-14.6987915
42.77123353340128
30.659485
25.439453
-14.819336
42.50626389960808
30.358887
24.719238
-14.99939
41.92474744398811
29.579163
23.939514
-14.99939
40.90243160415787
28.799438
23.15979
-14.878845
39.839220024348336
28.079224
22.31903
-14.518738
38.695937905051
27.359009
21.359253
-14.15863
37.48599510619349
26.818848
21.058655
-13.619995
36.718139955038744
25.85907
20.698547
-13.198853
35.655729619340285
25.138855
21.418762
-12.719727
35.39091473391335
24.179077
22.079468
-12.179565
34.9352602982914
24.119568
22.738647
-11.639404
35.13225396348329
24.238586
23.039246
-10.798645
35.141522957068716
24.41864
23.458862
-10.079956
35.329783519229565
24.35913
23.81897
-9.359741
35.33150587814207
24.539185
23.999023
-8.758545
35.42367730858133
24.719238
24.539185
-8.279419
35.80169312293415
25.079346
24.778748
-7.4386597
36.031841183896816
25.619507
24.899292
-6.3598633
36.287487351444575
26.159668
24.719238
-5.758667
36.44902262064101
26.519775
24.598694
-4.978943
36.51279507380341
26.69983
24.719238
-4.3792725
36.648323418336616
26.939392
24.839783
-4.019165
36.86325124011971
26.879883
24.899292
-3.6590576
36.82243174332987
27.2995
24.958801
-3.479004
37.15249632795133
27.418518
24.598694
-3.718567
37.022947051773684
27.539063
24.35913
-4.8599243
37.086198354622944
27.418518
24.179077
-6.3598633
37.105938985663904
27.059937
24.238586
-7.9193115
37.18151048141653
27.059937
24.299622
-9.47876
37.58402208146851
27.23999
24.539185
-10.559082
38.15341378433177
27.89917
24.659729
-11.999512
39.121020227402205
28.138733
24.899292
-13.079834
39.784984236557456
28.559875
25.138855
-14.099121
40.57602516707834
28.73993
25.379944
-14.99939
41.17167338660314
29.579163
25.318909
-14.93988
41.70340600317467
30.479431
24.659729
-15.058899
41.99843194850032
30.958557
23.519897
-14.878845
41.62929020214463
31.13861
22.37854
-15.238953
41.26303209148369
30.958557
21.899414
-15.299988
40.891395197179015
30.659485
21.359253
-15.539551
40.46849812904245
30.059814
21.1792
-15.658569
39.96675712144641
29.699707
20.759583
-15.359497
39.35666425758635
29.039001
20.759583
-15.419006
38.88405334442626
28.259277
21.418762
-15.359497
38.64277787926953
27.778625
22.619629
-15.478516
39.02414836064251
27.83966
23.939514
-15.658569
39.9166352358849
27.719116
24.958801
-15.658569
40.4534554230422
27.598572
25.619507
-15.7196045
40.80620345283759
27.778625
25.79956
-16.19873
41.2270325501439
27.89917
26.098633
-16.378784
41.56641487671417
27.778625
26.399231
-16.499329
41.72288720122626
27.778625
26.818848
-16.499329
41.989645998671506
27.89917
27.23999
-16.43982
42.3160555766994
28.199768
27.479553
-16.259766
42.59968061014
28.318787
27.719116
-16.018677
42.74226389707119
28.678894
27.479553
-16.079712
42.850459335162036
28.619385
27.359009
-15.7196045
42.599184871988015
28.799438
26.998901
-15.359497
42.358736681376456
28.979492
26.69983
-14.93988
42.14133324627304
29.399109
25.979614
-14.219666
41.730647004498536
29.93927
25.439453
-13.319397
41.48411752509552
30.119324
24.839783
-12.359619
40.95056447069747
30.479431
23.939514
-11.759949
40.501758678539964
30.53894
23.15979
-10.919189
39.85262156135403
30.778503
22.738647
-10.198975
39.602794695024365
30.778503
22.679138
-9.4192505
39.37488994280254
31.199646
22.679138
-8.81958
39.56698452811937
31.91986
22.439575
-8.81958
40.002464218528935
32.818604
21.958923
-8.999634
40.499981915505224
33.059692
21.539307
-9.359741
40.55230876403648
33.239746
20.939636
-9.899902
40.513666555057384
33.299255
20.579529
-10.379028
40.49792173728255
33.17871
20.039368
-10.559082
40.173342665721755
32.63855
19.499207
-10.85968
39.540188589230006
32.03888
19.259644
-11.219788
39.02956893147249
31.318665
19.799805
-11.158752
38.69636535136407
30.059814
20.759583
-11.219788
38.215656495305524
29.638672
21.479797
-10.978699
38.214714180310345
29.638672
22.138977
-10.559082
38.47180094268317
29.759216
22.558594
-10.018921
38.663676529948624
29.818726
22.979736
-9.539795
38.835966574873446
30.119324
23.458862
-9.059143
39.23722796775723
30.059814
23.638916
-8.938599
39.27199293021602
30.299377
23.999023
-8.639526
39.60614508527212
30.419922
24.179077
-8.399963
39.756242753693726
30.358887
23.878479
-8.639526
39.57884671667272
30.059814
24.238586
-8.879089
39.622466093567894
29.458618
24.539185
-9.118652
39.40978900890694
29.519653
24.719238
-9.899902
39.754983841455335
29.458618
25.019836
-10.379028
40.01907809193167
29.579163
24.899292
-10.679626
40.11179445858163
29.159546
24.479675
-11.039734
39.64100684680101
28.919983
23.579407
-11.51886
39.05173289108788
28.49884
23.098755
-12.298584
38.69097381920136
28.019714
22.558594
-12.95929
38.235294482200935
27.659607
22.31903
-13.679504
38.083090438457724
27.2995
22.019958
-14.039612
37.77898824909158
27.2995
21.839905
-14.819336
37.971789680280246
27.778625
22.138977
-15.539551
38.771949113836634
27.719116
22.37854
-16.499329
39.260364500385435
27.659607
23.039246
-17.57965
40.06126290016641
27.539063
23.638916
-18.539429
40.75424752594814
27.479553
23.939514
-19.378662
41.276613100671184
28.019714
24.659729
-19.918823
42.30799055087733
