22.138977
19.859314
-19.1391
35.367100349185755
22.799683
18.899536
-19.73877
35.58984353563001
23.15979
18.418884
-19.67926
35.5373665167428
23.2193
18.359375
-19.73877
35.578385758816054
23.098755
17.939758
-19.499207
35.15119408089148
23.339844
17.759705
-19.378662
35.15235395078472
23.638916
17.759705
-19.198608
35.25325505804393
24.058533
17.819214
-18.959045
35.43702635541056
24.179077
17.878723
-18.719482
35.42168201314874
24.35913
17.819214
-18.23883
35.26395480925335
24.119568
17.939758
-18.418884
35.2539891359829
24.179077
17.63916
-18.359375
35.11174092217499
24.41864
17.878723
-18.719482
35.58563992054502
24.659729
17.819214
-18.418884
35.565177293772905
24.719238
18.179321
-18.418884
35.78804008990381
24.479675
18.47992
-18.23883
35.68496700456913
24.41864
18.838501
-18.179321
35.800093973558575
23.999023
18.959045
-18.058777
35.51785388133604
23.999023
18.838501
-17.939758
35.39318078519858
23.939514
18.778992
-18.179321
35.443455325216604
24.119568
18.299866
-17.999268
35.222326792639635
23.579407
17.939758
-18.058777
34.69787816313034
23.458862
17.219543
-17.878723
34.15376606361478
23.278809
16.619873
-17.759705
33.667941330552125
23.278809
15.838623
-17.57965
33.19350963714518
23.939514
15.058899
-17.759705
33.39577566147027
24.598694
14.219666
-17.819214
33.5383227338052
25.439453
13.319397
-17.518616
33.63738989611765
26.098633
13.139343
-17.279053
33.94623218690846
26.818848
13.679504
-17.098999
34.62304505706333
26.998901
14.639282
-16.918945
35.06422678457348
27.359009
15.658569
-16.918945
35.776485422406815
27.479553
16.259766
-16.97998
36.163870942190876
27.178955
16.43982
-17.158508
36.1023224397943
26.638794
16.679382
-16.918945
35.694227556558424
25.679016
17.338562
-16.738892
35.216871345191215
24.958801
17.63916
-16.799927
34.875770040781894
24.598694
17.999268
-16.738892
34.77441426818448
24.479675
17.878723
-16.619873
34.570557025971354
24.539185
17.518616
-16.558838
34.39867082733721
24.778748
17.57965
-16.259766
34.45882180792932
24.958801
17.819214
-15.779114
34.48835535761944
25.138855
18.119812
-15.7196045
34.74759890816648
25.379944
18.47992
-15.779114
35.13729350037151
25.559998
19.07959
-15.658569
35.53216900471582
25.679016
19.439697
-15.299988
35.65674298519846
26.098633
19.558716
-15.179443
35.97356715950877
26.219177
19.859314
-15.058899
36.17468772811401
26.159668
19.979858
-15.238953
36.27324988509525
26.278687
20.458984
-15.359497
36.67497224085095
26.219177
20.939636
-14.99939
36.75452711805547
26.399231
21.539307
-14.819336
37.15472722121389
26.69983
22.019958
-14.518738
37.53069544500791
26.879883
21.958923
-14.518738
37.62334532283447
26.879883
22.259521
-14.93988
37.963330696068574
27.059937
22.558594
-15.299988
38.408592407209156
26.998901
22.738647
-15.658569
38.615768959127145
26.818848
23.098755
-15.779114
38.752852402577254
26.879883
23.15979
-16.319275
39.05409909663773
26.998901
23.2193
-16.738892
39.348025234358964
26.579285
23.039246
-17.219543
39.16347573991933
26.098633
23.15979
-17.69867
39.12489391958463
25.498962
23.039246
-17.878723
38.73825741938614
24.719238
22.738647
-18.179321
38.19129098408759
24.058533
22.619629
-18.179321
37.69546713051186
23.75946
22.138977
-18.23883
37.24649174702146
23.399353
21.659851
-18.23883
36.733278375804886
23.039246
21.418762
-17.819214
36.153763351720215
22.738647
21.238708
-17.819214
35.85600644581306
22.499084
20.639038
-18.119812
35.503610346783745
22.198486
20.458984
-17.999268
35.14706824544545
22.079468
20.219421
-17.63916
34.748638757623475
22.259521
19.918823
-17.399597
34.56865373845303
22.31903
19.73877
-17.279053
34.44305231159199
22.619629
20.098877
-16.859436
34.638894718852534
22.679138
20.159912
-16.97998
34.77190076782994
22.558594
19.859314
-16.97998
34.51959114548668
22.499084
20.159912
-16.918945
34.624869556387864
22.738647
20.039368
-16.679382
34.59514556523339
22.918701
19.67926
-16.619873
34.478404487107035
22.979736
19.67926
-16.43982
34.432677109537785
23.098755
19.73877
-16.319275
34.48898714626163
22.859192
19.73877
-16.378784
34.357332107299165
22.679138
19.558716
-16.43982
34.16364176936224
22.918701
19.378662
-16.619873
34.30771824604487
22.918701
18.659973
-16.499329
33.84803109464973
22.799683
18.359375
-16.558838
33.631641058286725
22.859192
18.539429
-16.619873
33.8004921059082
22.619629
18.539429
-16.97998
33.81830472355171
22.859192
18.838501
-16.97998
34.14310274189723
22.918701
18.659973
-16.918945
34.054546806603156
23.399353
18.299866
-16.918945
34.18575035513701
23.638916
17.518616
-17.098999
34.03051465573765
24.299622
17.098999
-17.098999
34.28152774500066
24.958801
16.259766
-16.97998
34.287628665339156
25.91858
15.7196045
-16.918945
34.71497363575623
27.2995
15.838623
-16.619873
35.66994321039511
28.259277
16.018677
-16.499329
36.43367395221418
29.219055
16.139221
-16.859436
37.39609955220932
29.579163
16.558838
-16.97998
37.91360772058793
29.818726
17.57965
-16.918945
38.52857604265956
29.699707
18.539429
-16.799927
38.83323972851737
29.399109
19.979858
-16.859436
39.341363981461996
28.858948
21.11969
-16.799927
39.51098171118063
28.559875
21.598816
-16.799927
39.55265909893891
28.079224
21.598816
-16.738892
39.180889344727106
27.719116
21.71936
-16.619873
38.93970073034396
27.359009
21.899414
-16.558838
38.75944787796502
27.178955
21.899414
-16.319275
38.53049123593952
27.23999
22.138977
-16.259766
38.685027750672646
27.418518
22.138977
-16.19873
38.78541413481845
27.95868
21.958923
-16.079712
39.01844703450376
27.83966
22.138977
-16.19873
39.08426581099324
27.83966
21.899414
-16.619873
39.126095107477504
27.598572
21.359253
-16.97998
38.81003099534159
27.418518
21.299744
-16.97998
38.6493716091381
27.539063
20.999146
-16.918945
38.5436732304246
27.598572
20.458984
-17.098999
38.374821864407394
27.418518
20.159912
-17.03949
38.059709719153794
27.119446
19.979858
-16.918945
37.69495709029342
26.879883
19.378662
-16.738892
37.12480271412227
26.818848
19.1391
-16.679382
36.92908672427552
26.879883
19.07959
-16.378784
36.80792529140718
26.939392
18.539429
-15.9591675
36.388684402421895
26.998901
17.63916
-15.658569
35.85068317863692
27.059937
17.338562
-14.99939
35.46614803231385
27.659607
16.859436
-14.639282
35.54719436669721
27.539063
16.558838
-14.639282
35.31152342399627
27.83966
16.319275
-14.518738
35.38586129639209
28.138733
16.139221
-14.279175
35.442311870180326
28.49884
15.359497
-14.099121
35.31123476715661
29.219055
14.878845
-13.919067
35.62125288681692
29.458618
15.478516
-13.798523
36.024907290824494
29.458618
15.899658
-13.859558
36.231157549045406
29.3396
16.499329
-13.859558
36.402299946655155
29.3396
17.03949
-13.55896
36.53767519950298
29.219055
17.158508
-13.319397
36.40843274036078
29.09851
16.97998
-13.018799
36.11830874449273
28.73993
17.63916
-12.719727
36.040463912975646
28.259277
17.999268
-12.419128
35.7322689448251
28.019714
17.69867
-12.419128
35.39183565810058
28.49884
17.69867
-11.999512
35.62885121727194
29.159546
17.459106
-11.639404
35.92457648062813
29.87976
17.219543
-11.639404
36.397643497188625
30.778503
17.03949
-12.11853
37.209129082919624
31.199646
17.459106
-12.658691
37.927308273731015
31.858826
17.819214
-13.198853
38.81647681166224
32.339478
18.719482
-14.219666
39.98074182399415
32.099915
19.859314
-14.759827
40.52961157058503
31.799316
20.759583
-15.838623
41.14630817895832
31.259155
20.999146
-16.738892
41.21030583046703
30.599976
21.299744
-17.69867
41.27081920168444
29.638672
21.238708
-18.47992
40.87836855385743
28.73993
20.878601
-19.018555
40.29398193860654
27.89917
20.579529
-19.198608
39.62912168035333
27.418518
19.619751
-19.198608
38.798147696100614
28.079224
18.719482
-19.1391
38.7964816985703
27.89917
17.63916
-19.07959
38.12524654121105
27.659607
16.859436
-19.259644
37.68591608922855
27.119446
16.018677
-19.259644
36.918778633918976
26.45874
15.59906
-18.959045
36.09488972767648
26.039124
15.539551
-19.07959
35.8265883610727
25.738525
14.639282
-19.07959
35.22514776627985
25.79956
14.099121
-18.838501
34.918356576112835
25.559998
14.099121
-18.719482
34.67733698246324
