24.179077
22.019958
-16.499329
36.629689199601124
24.179077
22.198486
-16.619873
36.79158500987777
23.878479
22.738647
-16.319275
36.790576358478845
23.878479
22.979736
-16.558838
37.04652572589466
23.399353
23.339844
-16.378784
36.88553378411464
23.098755
23.638916
-16.319275
36.860135046742066
23.278809
23.939514
-16.378784
37.19230864393369
23.399353
23.999023
-16.43982
37.332969482102044
23.81897
23.999023
-16.319275
37.544841354102
23.999023
24.238586
-15.7196045
37.55753073931212
24.179077
24.35913
-15.899658
37.825840234595255
24.119568
24.238586
-15.899658
37.71023425514783
24.41864
23.999023
-15.9591675
37.77457098221799
24.958801
24.35913
-15.419006
38.13207061739911
24.958801
24.539185
-14.759827
37.98638993524523
25.138855
24.598694
-14.6987915
38.11971018629995
25.019836
24.598694
-14.579773
37.99549598102057
24.958801
24.238586
-14.759827
37.79290233359797
25.19989
23.75946
-14.579773
37.57813474532098
25.2594
23.699951
-14.039612
37.374263488249
25.559998
23.399353
-13.859558
37.32198633597226
25.559998
22.738647
-14.219666
37.04805624698396
25.79956
21.958923
-14.399719
36.8125464239945
25.91858
21.77887
-14.15863
36.69548631399116
25.738525
21.539307
-13.859558
36.311167076977675
25.91858
21.11969
-13.739014
36.1465708603311
25.979614
21.11969
-13.739014
36.19036042235557
26.219177
20.878601
-13.679504
36.20069046626563
26.519775
20.399475
-13.55896
36.10100373539668
26.519775
20.159912
-13.439941
35.9214774064556
26.519775
20.098877
-13.259888
35.820216228060374
26.039124
20.039368
-13.259888
35.432143141194906
25.85907
20.27893
-13.198853
35.41378588161325
25.738525
20.819092
-12.779236
35.485420779393685
25.619507
21.418762
-12.298584
35.586200774273095
25.738525
21.659851
-11.938477
35.695210761236055
25.679016
22.31903
-11.639404
35.958680918499184
25.79956
22.738647
-11.399841
36.23009454826971
25.619507
22.859192
-11.399841
36.17814639208576
25.979614
23.15979
-10.978699
36.494493042936455
26.219177
23.15979
-10.978699
36.66541838399553
26.579285
23.278809
-10.798645
36.94552809066934
26.69983
23.278809
-10.618591
36.980242428601315
26.69983
23.638916
-10.798645
37.259762707137405
26.939392
23.939514
-11.099243
37.70973898162781
27.119446
24.35913
-10.798645
38.01897237882933
27.418518
24.839783
-10.499573
38.458172159625256
27.598572
25.439453
-10.379028
38.943178696559784
28.199768
26.039124
-10.139465
39.699768957431445
28.559875
26.879883
-9.779358
40.42066852905748
28.559875
27.479553
-10.139465
40.90966969090254
28.73993
27.83966
-10.618591
41.39788388358833
28.559875
28.379822
-10.559082
41.624212584050014
28.318787
28.619385
-10.85968
41.700786160529994
28.49884
28.979492
-10.978699
42.101386359577724
28.259277
28.858948
-11.639404
42.034524442619634
28.138733
28.678894
-12.11853
41.965771487755354
27.659607
28.318787
-12.779236
41.597072087467886
27.479553
28.019714
-13.259888
41.42529190688114
27.2995
27.659607
-13.439941
41.12114402990419
26.879883
26.759338
-13.619995
40.30005712765414
26.69983
26.039124
-13.619995
39.70416880514957
26.039124
25.498962
-13.679504
38.92764848287461
25.738525
25.079346
-13.319397
38.32560090292535
24.839783
25.019836
-13.018799
37.58319060192086
24.299622
25.019836
-12.779236
37.145291829222785
23.75946
24.598694
-12.478638
36.40500098447585
23.399353
24.179077
-11.878967
35.682871717175104
23.2193
24.179077
-11.51886
35.44640678413328
22.859192
24.119568
-11.158752
35.05444112767222
22.558594
23.939514
-11.158752
34.73482659681688
22.259521
24.058533
-11.099243
34.604805355773024
22.198486
24.058533
-10.85968
34.489395944510065
22.259521
23.81897
-11.039734
34.41954854825416
22.259521
23.699951
-10.978699
34.31771860929679
22.079468
23.999023
-10.85968
34.37133503189831
21.899414
23.939514
-10.798645
34.19496176567902
21.839905
24.41864
-10.739136
34.47579505009185
22.138977
24.719238
-10.319519
34.75151047751378
22.799683
25.019836
-9.899902
35.26791294638442
23.15979
24.958801
-9.539795
35.359939442578415
23.339844
25.019836
-9.359741
35.47316189520959
23.579407
25.019836
-9.359741
35.63124088701427
23.458862
25.019836
-9.4192505
35.567298391131004
23.519897
25.559998
-9.1796875
35.92722679250376
23.579407
25.619507
-9.118652
35.993017579151726
24.35913
25.679016
-9.298706
36.595696401587816
24.119568
25.498962
-9.838867
36.45207851851952
24.119568
25.379944
-10.679626
36.60532014462686
24.179077
25.019836
-10.978699
36.48495215014592
24.35913
24.958801
-11.279297
36.65421689534422
25.079346
24.719238
-11.338806
36.994362891421545
25.738525
23.939514
-11.999512
37.14243264427325
26.579285
23.579407
-12.359619
37.619237515531864
26.939392
23.579407
-12.478638
37.913528837940056
27.719116
23.458862
-12.599182
38.43705379568246
28.318787
23.519897
-12.478638
38.869725890727764
28.799438
23.638916
-12.719727
39.37000836415646
28.919983
23.939514
-12.539673
39.581677939617784
28.919983
24.299622
-12.359619
39.7441463358914
28.919983
24.778748
-11.999512
39.92918842013478
29.09851
25.318909
-11.938477
40.37694551959308
28.199768
26.039124
-12.11853
40.250735447958746
27.659607
26.638794
-12.239075
40.3047654886336
27.418518
26.998901
-12.719727
40.527858618717445
27.23999
27.119446
-12.719727
40.48793584783929
26.818848
27.119446
-13.018799
40.30141562727667
26.818848
27.23999
-13.439941
40.52036103248742
26.69983
27.479553
-13.798523
40.72353135300738
26.278687
27.778625
-13.978577
40.713905122359606
26.519775
27.479553
-14.099121
40.708837770885204
26.45874
26.818848
-14.579773
40.39660104484736
26.638794
26.579285
-14.759827
40.421977676715365
26.579285
26.638794
-14.759827
40.421977676715365
26.879883
26.45874
-14.759827
40.50241420755836
26.759338
26.278687
-14.819336
40.32671896764368
27.359009
26.339722
-14.4592285
40.63699942978381
27.719116
26.039124
-14.099121
40.5607033259641
27.95868
25.439453
-13.859558
40.260910545698664
28.199768
25.19989
-13.319397
40.09573352215529
28.259277
24.598694
-12.658691
39.546490700918234
28.079224
23.999023
-12.419128
38.96961299916497
28.199768
23.519897
-11.698914
38.539292930843644
28.439331
23.15979
-10.978699
38.28450400710857
28.199768
22.859192
-10.379028
37.75571181177839
28.079224
22.198486
-10.379028
37.26848292238279
28.318787
22.079468
-10.198975
37.32928590178896
28.439331
21.77887
-10.079956
37.211828963969914
28.379822
21.899414
-9.899902
37.18879823101558
28.678894
21.899414
-9.4192505
37.29323695337987
28.799438
21.71936
-9.239197
37.235750276217246
29.399109
21.659851
-9.118652
37.637834254680655
29.458618
21.598816
-9.118652
37.649287802962654
29.278564
21.598816
-9.1796875
37.523456205752154
28.858948
21.77887
-9.539795
37.392053292298115
28.559875
22.138977
-9.4192505
37.343313608851886
28.49884
22.198486
-9.239197
37.28698778404891
28.559875
22.558594
-9.118652
37.519413919975314
28.678894
23.278809
-9.118652
38.04644025675645
28.259277
23.878479
-9.118652
38.104046175713904
28.019714
24.119568
-9.47876
38.16680277393399
28.079224
24.539185
-9.779358
38.55191621879028
28.138733
24.899292
-9.359741
38.721669331025105
28.559875
24.958801
-9.4192505
39.08107683273646
28.559875
25.2594
-9.779358
39.36165138315941
28.439331
25.679016
-10.198975
39.65131070254409
28.559875
25.979614
-10.618591
40.04199608155558
28.379822
26.579285
-10.978699
40.40302638436414
28.318787
27.059937
-11.338806
40.77698283470177
28.318787
27.059937
-11.579895
40.84467947966877
28.49884
26.759338
-11.819458
40.840490676667166
28.138733
26.759338
-12.239075
40.71419145386763
27.83966
26.45874
-12.539673
40.4024130525486
27.659607
26.278687
-13.259888
40.391184111217264
27.23999
26.039124
-13.55896
40.048700821624664
27.059937
25.138855
-14.219666
39.577784184774195
27.178955
23.999023
-14.759827
39.14717385333359
27.23999
23.039246
-15.058899
38.724596322641794
26.879883
22.198486
-15.658569
38.21637998579601
26.818848
21.418762
-16.079712
37.90212454364366
26.69983
21.058655
-16.679382
37.875447991368695
26.579285
20.639038
-16.859436
37.638661283873894
26.579285
19.73877
-17.158508
37.28929901847261
26.759338
19.259644
-17.518616
37.33494273758499
26.939392
19.378662
-17.57965
37.55406259231483
