22.019958
19.439697
-20.039368
35.557793652772176
22.138977
18.23883
-20.698547
35.37257576443844
22.499084
17.399597
-20.639038
35.141495167638894
23.519897
17.219543
-19.67926
35.17060644369368
24.119568
17.399597
-18.899536
35.23765055450721
24.539185
17.878723
-18.598938
35.60534854100662
24.598694
18.23883
-18.838501
35.95330155323882
25.019836
18.778992
-18.838501
36.51755550898174
25.019836
18.899536
-18.179321
36.244618404409366
25.559998
19.499207
-17.518616
36.611942398237694
25.559998
20.219421
-17.279053
36.88772291105131
25.079346
20.698547
-17.399597
36.880203552346345
25.019836
20.759583
-17.57965
36.95939098566493
25.138855
20.939636
-17.57965
37.141279048721515
25.138855
21.1792
-17.03949
37.02519069625098
25.439453
21.1792
-16.43982
36.95932823198191
25.498962
21.418762
-16.018677
36.9534635951718
25.439453
20.759583
-16.378784
36.6931942317603
25.379944
20.458984
-16.499329
36.536823248949815
25.19989
19.799805
-16.799927
36.184310429923386
25.2594
19.439697
-16.499329
35.891043342141785
25.138855
19.07959
-16.19873
35.47381571754722
25.318909
18.299866
-16.139221
35.16257408397368
25.079346
17.459106
-16.43982
34.69959143142484
25.619507
16.378784
-16.738892
34.710433719335384
25.85907
16.079712
-16.378784
34.57619388529845
26.638794
15.539551
-16.018677
34.751993465191134
27.23999
15.59906
-15.478516
34.99903214342594
27.719116
15.658569
-15.59906
35.452374386060164
28.138733
15.658569
-15.779114
35.86027708560337
28.259277
15.779114
-15.539551
35.90327004333571
28.259277
16.079712
-15.359497
35.95911544238036
27.598572
16.558838
-15.299988
35.636579806604615
27.178955
16.918945
-15.299988
35.482895719936316
26.399231
17.759705
-15.119934
35.22696187259749
25.91858
18.23883
-15.119934
35.11467159369161
25.619507
18.359375
-14.819336
34.82870155702675
25.559998
18.119812
-14.518738
34.53164946035919
25.439453
18.23883
-14.4592285
34.480284433983975
25.2594
18.418884
-14.399719
34.41866367510057
25.19989
18.47992
-14.399719
34.40775782913099
25.498962
19.018555
-14.15863
34.81909336406266
25.738525
19.1391
-13.859558
34.94086801744484
26.278687
19.07959
-13.619995
35.21511564821543
26.339722
19.198608
-13.55896
35.30174061749647
26.278687
19.439697
-13.55896
35.388086277596656
26.399231
19.499207
-13.378906
35.44197433724418
26.638794
19.859314
-13.378906
35.819168295520385
26.939392
20.339966
-13.018799
36.17919573596907
27.23999
20.759583
-12.539673
36.47219081882798
27.418518
20.878601
-12.779236
36.75595189897821
27.2995
21.1792
-13.018799
36.923032144372634
27.359009
21.659851
-13.139343
37.28681918273031
27.119446
22.079468
-13.499451
37.486029298635046
27.178955
22.799683
-13.798523
38.064687180591015
27.23999
23.039246
-13.978577
38.31741913771072
27.719116
23.579407
-14.099121
39.02720905823269
27.778625
23.519897
-14.4592285
39.165124567935116
27.418518
23.519897
-15.058899
39.137336126792825
27.2995
23.458862
-15.59906
39.228964058381024
26.69983
22.979736
-16.378784
38.84860029804404
26.69983
22.799683
-16.619873
38.84490331654688
26.45874
22.37854
-16.859436
38.537055080244684
26.339722
21.958923
-17.03949
38.292550946728696
26.159668
21.1792
-17.158508
37.779639324124545
25.91858
20.339966
-17.279053
37.20285758251223
26.219177
19.558716
-17.338562
37.02180951659187
26.039124
19.1391
-17.098999
36.561137795137064
26.039124
19.07959
-16.558838
36.28032137054467
25.91858
18.899536
-16.139221
35.908769085915836
25.79956
18.47992
-15.9591675
35.522103319183536
25.979614
18.539429
-15.478516
35.47161159987219
25.619507
18.899536
-15.539551
35.42639265964007
25.019836
19.259644
-15.899658
35.35145113932737
24.238586
19.499207
-15.838623
34.90830972548836
23.81897
19.67926
-15.779114
34.69289618781398
23.75946
19.918823
-15.478516
34.65336862458324
23.75946
19.799805
-15.359497
34.53199058877779
23.878479
20.399475
-14.878845
34.75198292734981
23.458862
20.878601
-15.179443
34.88050716766368
23.15979
20.759583
-15.419006
34.71428969717928
23.15979
20.939636
-15.238953
34.74291217340686
23.399353
20.878601
-15.058899
34.78815983137258
23.519897
20.698547
-14.99939
34.736107553506194
23.81897
20.518494
-14.819336
34.75578512434117
23.699951
20.579529
-14.6987915
34.659185727212886
23.939514
20.339966
-14.99939
34.810864175547806
23.999023
20.399475
-14.579773
34.70823387934681
24.119568
20.27893
-14.338684
34.62060695281424
24.479675
19.859314
-14.399719
34.6554292903273
24.899292
19.378662
-14.338684
34.65696326193428
25.2594
19.259644
-14.219666
34.801866643543704
25.019836
18.899536
-14.4592285
34.52903167365561
25.318909
18.778992
-14.878845
34.85796374888743
25.019836
18.899536
-14.99939
34.758687861251865
25.439453
18.119812
-15.359497
34.80527935102842
25.738525
17.57965
-15.59906
34.85464725896498
25.979614
17.098999
-15.7196045
34.84855978574473
25.79956
17.098999
-15.779114
34.7415243007872
26.098633
16.859436
-15.899658
34.90240998349899
26.638794
16.97998
-16.139221
35.4742097257157
27.598572
17.279053
-15.7196045
36.157333740240375
28.619385
17.819214
-15.478516
37.096874539318506
29.219055
18.23883
-15.59906
37.81188661692577
29.99878
19.018555
-15.59906
38.793851196098075
30.059814
19.859314
-15.359497
39.165023271428836
30.059814
20.518494
-15.419006
39.52653288308769
29.699707
21.539307
-15.238953
39.72706873448348
29.759216
22.31903
-14.99939
40.108999133903076
29.399109
22.558594
-14.99939
39.977236564817424
29.039001
22.259521
-15.119934
39.589926808311986
28.73993
22.259521
-14.819336
39.25662389369786
28.019714
22.31903
-14.878845
38.78947711888174
27.659607
22.31903
-15.179443
38.6472317314942
27.83966
22.619629
-15.119934
38.92694134780323
27.95868
22.499084
-15.299988
39.01264005401807
27.95868
22.198486
-15.779114
39.0312828387572
27.95868
22.198486
-15.838623
39.05537747565148
27.95868
22.259521
-16.19873
39.237392854863266
27.778625
22.259521
-16.738892
39.33610119752433
27.539063
22.37854
-16.918945
39.312208116960946
27.719116
21.958923
-16.859436
39.176323229187965
27.778625
21.418762
-16.799927
38.892839367955155
28.439331
20.759583
-16.679382
38.9609758810218
28.49884
20.458984
-16.139221
38.61642647313042
28.318787
19.859314
-16.319275
38.24480088746541
27.83966
19.319153
-16.679382
37.768745669058994
27.598572
18.959045
-16.378784
37.27453706327216
27.598572
18.058777
-15.9591675
36.640081952265746
27.598572
17.759705
-15.838623
36.441050963336664
27.539063
17.219543
-15.539551
36.005419852975784
27.418518
17.03949
-15.419006
35.77520247747995
27.23999
16.799927
-15.419006
35.524644490985935
27.178955
16.499329
-15.419006
35.33651354411079
27.539063
16.079712
-14.759827
35.139857289301844
27.89917
15.359497
-14.399719
34.95182056405914
28.439331
14.759827
-14.039612
34.98226217659726
28.919983
13.978577
-13.55896
34.86561813771556
29.519653
14.099121
-13.439941
35.36703477021363
29.638672
14.338684
-13.198853
35.47193852683502
29.818726
14.518738
-13.198853
35.69537491103102
30.059814
14.819336
-13.319397
36.06399273881949
30.178833
15.119934
-12.95929
36.15684758041172
30.119324
15.238953
-12.419128
35.96712433880592
30.119324
15.779114
-12.478638
36.219752668929665
29.699707
16.738892
-12.658691
36.36626861755358
28.858948
17.219543
-13.079834
36.06152511680558
28.259277
17.63916
-13.259888
35.854585055906725
28.199768
17.459106
-13.139343
35.674776765463086
28.379822
16.799927
-12.599182
35.304266531845165
28.439331
16.43982
-12.719727
35.22576807293384
28.559875
16.558838
-12.719727
35.37870936272089
28.619385
16.679382
-12.719727
35.48327070606654
29.219055
16.738892
-12.89978
36.06033694227808
30.178833
16.799927
-12.539673
36.74565171448011
31.199646
16.97998
-12.779236
37.74978819528744
31.498718
17.399597
-13.378906
38.39154073999408
31.739807
18.179321
-14.15863
39.22205850088538
31.739807
18.959045
-14.819336
39.83055847803135
31.318665
19.619751
-15.899658
40.23173535030368
31.019592
20.098877
-16.619873
40.52653632478817
30.479431
20.518494
-17.219543
40.57729621073141
30.119324
19.979858
-17.69867
40.24439499017223
29.699707
18.719482
-18.119812
39.507203036875126
29.519653
17.999268
-18.359375
39.14652213559335
28.619385
17.098999
-18.598938
38.175456493873455
27.89917
16.558838
-18.959045
37.57664530610653
27.479553
15.779114
-19.018555
36.956890664369006
27.418518
15.179443
-19.259644
36.78484078691588
27.479553
14.279175
-19.319153
36.50000501658784
