No:1  Time:2015-7-15  10:55:53
22.125
22.875
-10.4375
33.49212827292407
22.125
22.9375
-10.3125
33.496151831217865
21.9375
23.1875
-10.1875
33.50670408664511
21.9375
23.3125
-10.1875
33.59332848572764
21.9375
23.25
-10.3125
33.58815360361447
22.125
23.375
-10.375
33.81636992641286
22.1875
23.4375
-10.375
33.900474738563766
22.0625
23.5
-10.25
33.824050707299975
22.125
23.5625
-10.3125
33.92719687065231
22.125
23.4375
-10.4375
33.87880513684035
22.0625
23.5625
-10.25
33.8675037831252
22.125
23.6875
-10.0625
33.93916892765643
22.125
23.8125
-9.9375
33.989773278149414
22.125
24.0625
-9.8125
34.129235085187595
22.125
24.1875
-9.8125
34.21747999926353
22.1875
24.25
-9.9375
34.33804832106799
21.9375
24.375
-9.75
34.21194281606936
22.1875
24.25
-9.875
34.320012838721375
22.0625
24.4375
-9.625
34.30139847732159
22.125
24.6875
-9.625
34.51997836398511
22.125
24.6875
-9.5
34.48533429227561
22.0
24.75
-9.625
34.48482456095724
22.0
24.9375
-9.4375
34.56798103013828
22.1875
24.875
-9.4375
34.64270756595102
22.0625
24.875
-9.4375
34.562782548573836
22.0625
25.125
-9.375
34.72621713129721
21.9375
25.25
-9.5
34.77163220572195
21.9375
25.3125
-9.5
34.817044137893156
22.0625
25.375
-9.5
34.941301224339085
22.0
25.125
-9.625
34.75494569122501
21.9375
25.25
-9.5625
34.7887598586095
21.875
25.3125
-9.4375
34.76067731647357
21.9375
25.3125
-9.4375
34.800042654427884
21.75
25.375
-9.3125
34.69403091671534
21.8125
25.375
-9.3125
34.733246860896834
21.875
25.3125
-9.3125
34.726948289476866
21.9375
25.5625
-9.25
34.93218877339351
22.0
25.625
-8.9375
34.93593466976374
22.0625
25.5625
-9.0625
34.9617536566746
22.125
25.625
-9.0625
35.046899381400344
22.1875
25.5625
-9.0625
35.04076866665456
22.125
25.5625
-8.9375
34.96907115580853
22.1875
25.625
-8.875
35.038427565317484
22.125
25.75
-8.875
35.09050797580451
22.0625
25.75
-8.875
35.05113452158147
22.0625
25.9375
-8.6875
35.14228889457828
22.0
25.9375
-8.6875
35.103084800341975
22.0
25.875
-8.625
35.041493261560646
21.9375
26.0
-8.625
35.094793506302324
21.9375
25.9375
-8.5
35.01796413985256
21.875
25.9375
-8.4375
34.96370886362029
21.8125
25.9375
-8.25
34.87981597571868
21.75
25.9375
-8.1875
34.826018470390785
21.6875
26.0
-8.375
34.87819205821884
21.4375
26.0625
-8.25
34.740218947208724
21.125
26.125
-8.25
34.59542961143856
21.0
26.1875
-8.3125
34.581538608049236
20.9375
26.1875
-8.3125
34.54362052174034
20.75
26.0625
-8.25
34.32024047482768
20.6875
25.9375
-8.1875
34.17252871459764
20.5
26.0
-8.0625
34.07717573758131
20.5
26.0625
-7.9375
34.09556881033076
20.375
26.0625
-7.6875
33.96310038114895
20.125
26.25
-7.6875
33.95844197324135
20.125
26.25
-7.5
33.91648750976433
20.0
26.3125
-7.4375
33.877190888560996
19.8125
26.3125
-7.1875
33.71265294737274
19.6875
26.3125
-7.125
33.62604552277892
19.4375
26.25
-7.0
33.40477370451714
19.3125
26.0625
-6.625
33.107660556131115
19.3125
26.0625
-6.3125
33.04654624540967
19.25
26.0
-6.0625
32.91377228835978
19.125
25.9375
-5.875
32.75721533112972
18.9375
25.875
-5.75
32.57617275325633
18.875
25.9375
-5.625
32.56777788320843
18.8125
25.875
-5.375
32.439426725051725
18.875
25.875
-5.1875
32.44520621370744
18.625
25.75
-5.125
32.19035181541202
18.5625
25.75
-5.0625
32.14432784333808
18.5625
25.625
-4.8125
32.0057367904568
18.25
25.5
-4.5625
31.687993092810405
18.1875
25.5625
-4.4375
31.684664567421255
18.1875
25.4375
-4.375
31.57518309527278
18.125
25.25
-4.25
31.371015683270443
18.0625
25.0625
-4.125
31.167265479987172
18.0
24.9375
-4.125
31.030541910350195
17.875
24.75
-4.1875
30.815795969762
18.0
24.75
-4.3125
30.905665439365645
17.8125
24.6875
-4.125
30.72089577958299
17.875
24.5625
-3.9375
30.632269545366697
17.875
24.5625
-3.9375
30.632269545366697
17.8125
24.375
-3.875
30.4375
17.6875
24.25
-4.0
30.280524372110865
17.625
24.1875
-4.0
30.193969286100824
17.6875
24.0625
-4.25
30.1647818241737
17.625
24.0
-4.5
30.114624769370778
17.6875
24.0
-4.8125
30.199467089668982
17.625
24.0
-5.125
30.214338483574316
17.4375
24.125
-5.4375
30.259683367477592
17.4375
24.375
-5.75
30.51670905012531
17.375
24.5625
-6.0625
30.691382137336205
17.4375
25.0625
-6.375
31.190318008959128
17.5
25.5
-6.6875
31.642102588955748
17.4375
26.0625
-6.875
32.10274034253151
17.625
26.5625
-7.125
32.664547390863994
17.6875
27.1875
-7.5625
33.30464260054445
17.625
27.8125
-7.6875
33.81232670935261
17.8125
28.6875
-7.8125
34.659673523419116
17.875
29.25
-7.8125
35.158402711869606
18.125
29.9375
-7.625
35.81773521944122
18.125
30.6875
-7.25
36.370328308251494
18.3125
31.625
-6.9375
37.19700508777555
18.5625
32.25
-6.5
37.774050699521226
18.75
32.8125
-6.0625
38.27501224689549
19.0625
33.3125
-5.5625
38.78199284139483
19.1875
33.75
-4.9375
39.135681449286146
19.4375
34.1875
-4.3125
39.56259873605373
19.4375
34.375
-3.5
39.64476045141401
19.5625
34.5625
-2.875
39.81863178839775
19.75
34.375
-2.1875
39.70501581979284
19.75
34.1875
-1.5625
39.513150500814284
19.75
34.0625
-0.875
39.38377878327574
20.0625
33.75
-0.1875
39.26323423382236
20.125
33.5
0.4375
39.082694779787126
20.1875
33.125
0.875
38.80162891232789
20.125
32.6875
1.125
38.40252473796482
20.0625
32.25
1.4375
38.00832556822255
20.125
31.75
1.625
37.62603819165658
19.9375
31.125
1.8125
37.00749501790144
19.8125
30.625
2.0
36.52979306333393
19.8125
30.0625
2.125
36.06667003619824
19.75
29.5625
1.9375
35.605586815835515
19.625
29.125
1.75
35.16345759449716
19.6875
28.75
1.5
34.87707207106124
19.5625
28.3125
1.3125
34.43852085601238
19.375
28.0
1.125
34.0684054513856
19.4375
27.625
0.875
33.789386739773775
19.375
27.1875
0.5
33.388632515423566
19.1875
26.75
0.0625
32.9200024681044
19.0
26.4375
-0.5
32.56058055763134
18.9375
26.1875
-0.875
32.32923889453632
18.875
25.875
-1.25
32.05220351239521
18.75
25.5625
-1.75
31.750061515688436
18.6875
25.1875
-2.25
31.443525764455867
18.625
24.9375
-2.6875
31.24087366736084
18.625
24.8125
-3.3125
31.20133711077139
18.5
24.5
-3.6875
30.920828841575382
18.4375
24.5
-3.875
30.906423786164584
18.375
24.25
-4.1875
30.712184573064807
18.125
24.125
-4.5
30.50870777335546
18.25
24.0
-4.8125
30.53232150115677
18.125
24.0
-5.0
30.487958688636404
18.0625
24.0625
-5.25
30.54210720464454
18.0
24.125
-5.5
30.5984578859785
18.0
24.3125
-5.625
30.769112454700412
17.9375
24.3125
-5.9375
30.79132132192446
18.0625
24.4375
-6.1875
31.01177951601617
18.0625
24.5
-6.5
31.124811746418644
18.0625
24.5
-6.75
31.177979508781515
18.0625
24.6875
-7.0625
31.394354090345608
18.125
24.8125
-7.3125
31.58557324950744
18.125
24.9375
-7.5
31.727661925360966
18.1875
25.1875
-7.875
32.05013162999491
18.25
25.125
-8.0
32.06755564429569
18.1875
25.4375
-8.25
32.340594652850776
18.3125
25.625
-8.4375
32.60643628948125
18.3125
25.8125
-8.6875
32.81928501277869
18.375
26.0625
-9.0
33.134491564682264
18.375
26.375
-9.1875
33.43189205309804
18.5625
26.5
-9.25
33.650838121063195
18.625
26.625
-9.5
33.85308331599945
18.625
26.5625
-9.25
33.734545072521726
18.5625
26.4375
-9.1875
33.584490002827195
18.6875
26.375
-9.0625
33.5707043044974
18.6875
26.5
-8.75
33.586234624470784
18.6875
26.5625
-8.4375
33.55563244449432
18.5625
26.6875
-8.25
33.53880681389843
18.4375
26.6875
-8.0625
33.42406272059098
18.375
26.8125
-7.6875
33.40132388843293
18.375
26.875
-7.6875
33.45151575414782
18.375
26.875
-7.5625
33.42301087948242
18.375
26.75
-7.5625
33.32258290184001
18.3125
26.8125
-7.4375
33.31027197051984
18.25
26.6875
-7.375
33.16135976177696
18.125
26.5625
-7.3125
32.978094054993534
18.0
26.5
-7.1875
32.83154209369398
17.875
26.375
-7.0625
32.63487637865356
17.875
26.625
-7.125
32.85075151347378
17.875
26.8125
-7.125
33.0028999672756
17.6875
27.125
-7.1875
33.17036987282475
17.625
27.25
-7.375
33.2805310955219
17.5625
27.25
-7.625
33.30382157125515
17.5
27.375
-7.625
33.37336138299527
17.5
27.5
-7.6875
33.49026211079872
17.4375
27.5625
-7.875
33.55254740701516
17.375
27.5625
-7.9375
33.53484661512559
17.375
27.6875
-7.9375
33.63766025602851
17.3125
27.75
-8.0
33.67172636278099
17.3125
27.8125
-8.0625
33.73813448829084
17.3125
27.8125
-7.9375
33.70848140676171
17.375
27.8125
-7.875
33.725975245350575
17.3125
27.9375
-7.9375
33.81169130271362
17.3125
28.0
-8.125
33.90779086360537
17.25
28.0625
-8.1875
33.94262162090607
17.25
28.25
-8.1875
34.09780280677921
17.25
28.1875
-8.1875
34.046039600811135
17.375
28.1875
-8.25
34.12459935662249
17.4375
28.25
-8.3125
34.22318749766012
17.5
28.1875
-8.375
34.218792808192404
17.5
28.125
-8.3125
34.1520611566857
17.5
28.3125
-8.375
34.32183388529815
17.5
28.3125
-8.4375
34.33713823981259
17.375
28.375
-8.5625
34.35618803432651
17.25
28.375
-8.4375
34.262144288558474
17.3125
28.375
-8.375
34.27832998047017
17.375
28.375
-8.5
34.340664670329254
17.25
28.5
-8.5
34.381135816025626
17.3125
28.5625
-8.5625
34.47978347887353
17.25
28.8125
-8.625
34.671505321373054
17.25
28.9375
-8.625
34.77545156069149
17.1875
28.8125
-8.6875
34.65606683901103
17.1875
29.0
-8.8125
34.84351177048605
17.0
29.0625
-8.75
34.787805424458725
17.0625
28.9375
-8.75
34.71412266643073
17.1875
28.875
-8.8125
34.73954429033288
17.25
28.875
-8.9375
34.80239979153736
17.25
28.8125
-8.8125
34.718623424611756
17.375
28.9375
-8.8125
34.88451931014673
17.375
29.0
-8.75
34.92066902280081
17.5625
29.1875
-8.6875
35.15429161212042
17.5
29.5625
-8.5625
35.404912265108074
17.375
29.75
-8.3125
35.440806724029294
17.5625
29.9375
-8.1875
35.661330159572
17.5
30.0
-8.0
35.64056677439347
17.625
29.9375
-7.75
35.59433987658712
17.8125
29.875
-7.5625
35.594833719235154
17.75
29.9375
-7.3125
35.563872996342795
17.6875
29.8125
-7.125
35.389241832794326
17.9375
29.75
-6.9375
35.425207303557166
17.8125
29.8125
-6.5
35.33157670554769
17.6875
29.875
-6.25
35.276419620619095
17.6875
29.75
-6.0
35.12705732409135
17.75
29.5625
-5.9375
34.98939571498771
17.6875
29.3125
-5.8125
34.72542971296396
17.75
29.125
-5.5625
34.5582049772554
17.9375
28.875
-5.3125
34.40555460241849
18.0
28.25
-5.25
33.90612039145735
18.1875
27.875
-5.25
33.69515219211808
18.1875
27.375
-5.25
33.282702433095785
18.25
27.0625
-5.125
33.04099016751768
18.25
26.875
-5.0
32.86834533407485
18.4375
26.5
-5.0625
32.677519986987996
18.5625
26.125
-5.125
32.45531784238139
18.75
25.875
-5.125
32.36269071013719
18.6875
25.625
-5.25
32.146940464840505
18.8125
25.25
-5.4375
31.953701859096075
19.0
25.125
-5.4375
31.966107539861653
19.25
25.0625
-5.4375
32.06645930719511
19.375
24.875
-5.3125
31.974660377398852
19.4375
24.8125
-5.3125
31.964030076791005
19.5625
24.625
-5.5625
31.937805771530392
19.625
24.5625
-5.75
31.96121917652704
19.6875
24.625
-5.6875
32.03647823185314
19.8125
24.4375
-5.75
31.981073504496376
19.75
24.375
-5.625
31.87230380753798
20.0
24.25
-5.8125
31.966351938405484
20.125
24.25
-5.9375
32.067616550813376
20.1875
24.25
-6.0
32.11849399100151
20.4375
24.25
-5.9375
32.26465267905421
20.5625
24.1875
-6.0625
32.32035687844427
20.75
24.375
-6.0625
32.58000968769039
21.0
24.4375
-6.25
32.821546372009955
21.3125
24.375
-6.4375
33.01218998339856
21.4375
24.4375
-6.4375
33.13908898491327
21.5625
24.6875
-6.5625
33.42873716953723
21.875
24.5
-6.8125
33.543639952306904
22.125
24.5
-6.875
33.719893979667255
22.3125
24.5
-7.0
33.868830157683334
22.6875
24.5625
-7.1875
34.20086576024063
23.0
24.75
-7.3125
34.56928052838242
23.375
24.8125
-7.5
34.90416567187934
23.625
25.0625
-7.4375
35.23614532692247
23.6875
25.25
-7.5625
35.43799602827451
24.0
25.4375
-7.6875
35.80731856059596
24.125
25.75
-7.875
36.15375153424607
24.3125
26.1875
-7.75
36.56426277801865
24.4375
26.25
-7.75
36.692184539081346
24.625
26.6875
-7.6875
37.1175287094925
24.75
27.0
-7.625
37.412606498344914
25.0
27.125
-7.75
37.693873839126695
25.125
27.1875
-7.75
37.82179637788242
25.1875
27.5
-7.6875
38.07568531884883
25.1875
27.75
-7.625
38.244127408662365
25.25
28.0625
-7.6875
38.5248499348148
25.3125
28.25
-7.6875
38.702491037399646
25.375
28.5625
-7.6875
38.97184480493578
25.4375
28.9375
-7.875
39.325067546032265
25.5625
28.9375
-7.8125
39.393596798845365
25.75
28.9375
-7.75
39.50321387241802
25.75
29.0625
-7.875
39.619528407718335
No:2  Time:2015-7-15  10:59:20
27.3125
-28.5
36.1875
53.55145014376362
27.5
-28.5625
36.25
53.72270382482624
27.375
-28.5
36.25
53.62558274741637
27.4375
-28.4375
36.25
53.62434440158686
27.4375
-28.4375
36.1875
53.58211426166385
27.5625
-28.375
36.1875
53.61312514207692
27.4375
-28.375
36.125
53.50675337048586
27.3125
-28.5
36.0625
53.467060537306516
27.25
-28.5625
36.0
53.426387733497386
27.3125
-28.6875
35.75
53.357359497074064
27.25
-28.75
35.6875
53.31718912555312
27.1875
-29.0
35.5
53.29549846140854
27.0625
-28.875
35.375
53.080459269395924
27.125
-28.9375
35.25
53.06323615508199
27.0625
-28.9375
35.1875
52.989791174810264
27.0625
-28.8125
35.0625
52.83860301663926
27.0625
-28.6875
34.8125
52.604768973449545
27.125
-28.625
34.5625
52.4377979729317
27.125
-28.6875
34.4375
52.3896906604725
27.0625
-28.625
34.1875
52.158936794187056
26.9375
-28.625
34.125
52.053195447061654
26.8125
-28.5
33.9375
51.79685378958842
26.875
-28.4375
33.8125
51.713075595056225
26.8125
-28.3125
33.5625
51.44851036473262
26.8125
-28.3125
33.4375
51.36705382587169
26.75
-28.0625
33.3125
51.11544837424397
26.625
-28.0625
33.1875
50.968663779816715
26.625
-27.8125
33.0625
50.749923029498284
26.5
-27.6875
32.9375
50.534409687855266
26.5
-27.625
32.875
50.459451542798206
26.4375
-27.5
33.125
50.521847068867146
26.25
-27.625
33.0
50.41034740011221
26.125
-27.5625
33.0
50.31110246506232
26.0
-27.4375
33.0625
50.21897363049149
25.9375
-27.3125
32.875
49.994921617100275
26.0
-27.1875
32.9375
50.00039062347413
26.0625
-26.875
32.75
49.74014506663607
25.875
-26.8125
32.6875
49.56711044129968
25.6875
-26.8125
32.5
49.3457983267066
25.6875
-26.75
32.5
49.31186628236656
25.5
-26.5625
32.75
49.27858466159514
25.4375
-26.5
32.875
49.29586221225875
25.375
-26.3125
32.6875
49.03785208897307
25.25
-26.3125
32.8125
49.0568069945446
25.3125
-26.25
32.75
49.0137496652725
25.0625
-26.25
32.75
48.885109248624985
24.9375
-26.1875
32.375
48.536632428507026
24.8125
-26.0625
32.5
48.48880347564786
24.75
-25.9375
32.4375
48.34777980941834
24.6875
-25.875
32.625
48.40845903610236
24.4375
-25.6875
32.875
48.35084991497047
24.25
-25.5625
32.9375
48.23259077117878
24.125
-25.5625
33.0625
48.255423917939005
23.9375
-25.5
33.0625
48.12881478386934
24.0
-25.375
33.1875
48.1798794233651
23.875
-25.25
33.3125
48.138350420948164
23.8125
-25.25
33.1875
48.02091015901302
23.6875
-25.1875
33.125
47.882913836774804
23.6875
-25.125
33.3125
47.980057706301274
23.5625
-25.0625
33.1875
47.79885426189628
23.4375
-25.1875
33.3125
47.889969918031895
23.5
-25.125
33.1875
47.80089728498828
23.375
-25.0
33.4375
47.84827093270978
23.25
-24.9375
33.375
47.71092150912619
23.0
-25.0
33.5
47.710061831861005
22.8125
-25.1875
33.375
47.630987156471996
22.75
-25.4375
33.3125
47.69016211442356
22.6875
-25.75
33.1875
47.740918639045894
22.5625
-25.9375
33.125
47.73977311948602
22.625
-26.0625
33.1875
47.88062956457444
22.4375
-26.3125
33.1875
47.9291061751625
22.25
-26.5625
33.1875
47.9795692196168
22.375
-26.75
33.125
48.09853168237051
22.25
-26.9375
33.1875
48.18818903528125
22.125
-27.25
33.25
48.349153301790096
22.0625
-27.4375
33.3125
48.46950555503945
21.9375
-27.625
33.3125
48.51924553720925
21.8125
-27.75
33.4375
48.62009936744268
21.6875
-27.9375
33.3125
48.585740899465556
21.625
-28.25
33.3125
48.73833995172589
21.5625
-28.375
33.3125
48.78324187156897
21.4375
-28.375
33.375
48.770868930643424
21.3125
-28.5
33.375
48.78896679834489
21.1875
-28.625
33.375
48.80769822732885
21.0625
-28.75
33.5625
48.95541657978206
21.0
-28.875
33.6875
49.087811941967836
21.0625
-28.875
33.6875
49.11458222870271
21.0
-29.0
33.75
49.20429351184711
20.875
-29.0625
33.9375
49.316816984675725
20.6875
-29.25
34.0
49.391650673469094
20.625
-29.1875
34.0
49.328498672167186
20.5625
-29.1875
34.125
49.38868481241427
20.4375
-29.25
34.125
49.37377371894922
20.3125
-29.375
34.3125
49.52611369267732
20.4375
-29.4375
34.5625
49.78779186457258
20.375
-29.5
34.625
49.84256464107761
20.4375
-29.5625
34.8125
50.03541714375928
20.5
-29.8125
34.9375
50.29576585061609
20.5
-29.875
35.0625
50.41968396618527
20.5625
-29.8125
35.3125
50.58235086223257
20.4375
-29.8125
35.3125
50.53166550540364
20.25
-29.875
35.25
50.44938676535127
20.125
-30.1875
35.1875
50.54167525418998
20.125
-30.1875
35.0625
50.45472908955116
20.125
-30.25
35.125
50.535569156783026
20.1875
-30.3125
35.125
50.59790941827538
20.0625
-30.4375
35.125
50.623225277534424
19.9375
-30.5625
35.0
50.562538627920965
20.125
-30.4375
35.125
50.64802717036469
20.1875
-30.4375
35.125
50.67289401149297
20.125
-30.5
35.0
50.59906743211776
20.0
-30.4375
35.0
50.511794724103794
20.0625
-30.5625
34.9375
50.56875733840016
20.0
-30.625
34.8125
50.49555209372406
20.0
-30.8125
34.5625
50.43784851180708
20.0
-30.9375
34.3125
50.343585117669164
20.125
-31.3125
34.1875
50.539820315272195
20.1875
-31.25
34.125
50.48379226296297
20.125
-31.0625
34.375
50.512722716658224
20.125
-30.9375
34.5625
50.56392921342249
20.125
-31.0
34.5
50.559525561460724
20.0625
-31.125
34.4375
50.56887320773521
20.1875
-31.125
34.625
50.746343772236436
20.375
-31.125
34.625
50.82122465073033
20.375
-31.125
34.5625
50.778663395662555
20.25
-31.125
34.3125
50.55863705886463
20.3125
-31.0
34.25
50.46444447578909
20.5
-31.0625
34.0625
50.451787009976165
20.4375
-31.0625
33.9375
50.34207205459465
20.4375
-31.0625
33.8125
50.25788961695467
20.4375
-30.9375
33.75
50.13863592580077
20.25
-30.9375
33.625
49.97831561037246
20.125
-30.8125
33.4375
49.724161003479985
20.0625
-30.8125
33.375
49.65686948952783
20.125
-30.8125
33.1875
49.55639148989765
20.0625
-30.875
32.875
49.36127182569347
20.0
-30.875
32.6875
49.211160129080476
20.1875
-30.75
32.5625
49.12651079101792
20.0625
-30.8125
32.4375
49.03167821674065
19.9375
-30.75
32.4375
48.94137117511114
19.875
-30.875
32.4375
48.99461864582681
19.875
-31.125
32.4375
49.152544758638896
19.75
-31.25
32.125
48.97591882752175
19.8125
-31.25
32.125
49.00115591748831
19.6875
-31.1875
32.0
48.82886249443048
19.75
-31.25
32.0
48.89401803901986
19.75
-31.1875
31.9375
48.8131802129302
19.875
-31.125
32.125
48.94687809247899
19.9375
-31.125
32.0625
48.931313465918734
20.125
-31.0625
32.0
48.92744149503426
20.0625
-31.0625
31.875
48.82006183425007
20.125
-31.0625
32.0625
48.96834117570249
20.1875
-31.1875
32.0
49.03259438883486
20.0625
-31.1875
31.875
48.89969005525495
20.125
-31.3125
31.6875
48.8833912234002
20.1875
-31.3125
31.5
48.78788591955999
20.1875
-31.3125
31.1875
48.58670567912585
20.1875
-31.0625
31.0
48.30542477300039
20.3125
-31.0625
31.0625
48.3978870277412
20.125
-31.0625
30.875
48.19917173821558
20.25
-31.1875
30.8125
48.29216098395266
20.125
-31.125
30.5
48.00032551972955
20.0625
-31.0625
30.3125
47.81454244003596
20.125
-30.9375
30.125
47.64095041295881
20.25
-30.875
30.0
47.574448236422036
20.125
-30.875
29.9375
47.48194558197884
20.25
-30.75
29.8125
47.37520613411619
20.375
-30.75
29.625
47.3111376950502
20.4375
-30.5625
29.5625
47.1773167820087
20.5625
-30.5625
29.5
47.19250801239536
20.625
-30.5
29.3125
47.06233399705119
20.625
-30.5625
29.3125
47.10286283762379
20.8125
-30.5625
29.5
47.301972078339396
20.8125
-30.6875
29.6875
47.499794407449805
20.6875
-30.625
29.9375
47.56171977021016
20.75
-30.5
30.0625
47.587460598880455
20.8125
-30.125
30.1875
47.454830497010526
20.9375
-29.75
30.4375
47.43292962173009
21.125
-29.75
30.5625
47.59616088772287
21.125
-29.625
30.6875
47.59862294489201
21.125
-29.375
30.75
47.483878843245314
21.25
-29.25
30.8125
47.50300154990209
21.3125
-29.0
31.0625
47.54052547564025
21.25
-28.6875
31.125
47.363496294614905
21.25
-28.5
31.125
47.250165343626044
21.1875
-28.25
31.25
47.15437579111826
21.125
-27.875
31.4375
47.02762652154582
21.1875
-27.5
31.3125
46.75075199929943
21.0625
-27.1875
31.25
46.46882355407763
21.0625
-26.75
31.25
46.21421757695352
21.1875
-26.625
31.0
46.03043320728146
21.1875
-26.625
30.875
45.94634268633359
21.1875
-26.5625
30.8125
45.86814492379215
21.125
-26.75
30.8125
45.94821303652624
21.125
-26.625
30.9375
45.95960352581384
21.125
-26.6875
30.875
45.95382363035746
21.0625
-26.8125
30.9375
46.03985196272899
21.0625
-26.875
30.75
45.950593372120885
21.0
-27.0625
30.625
45.94855309201803
21.0
-27.375
30.5625
46.09183258723827
20.9375
-27.5625
30.5
46.13372207507216
21.0
-27.75
30.25
46.10992301012874
21.125
-27.9375
30.1875
46.23910344610933
21.1875
-28.1875
30.0
46.29735751098544
21.25
-28.375
29.9375
46.39996800914845
21.3125
-28.625
29.875
46.54168998059696
21.25
-28.6875
30.0
46.63191135102656
21.25
-28.6875
30.125
46.71242641150211
21.25
-28.75
30.25
46.83147979724749
21.3125
-28.75
30.25
46.859872559045655
21.3125
-28.875
30.375
47.01732559652878
21.375
-28.875
30.375
47.04568922866366
21.4375
-28.8125
30.4375
47.07619322704418
21.4375
-29.0
30.5
47.23151920328204
21.4375
-29.0
30.625
47.31233487421647
21.6875
-28.75
30.875
47.436017763404216
21.75
-28.9375
31.0625
47.70031774003188
21.75
-28.8125
31.4375
47.870022587210045
21.8125
-28.875
31.6875
48.100399556552546
21.9375
-28.6875
32.0625
48.293172071732876
22.0
-28.75
32.125
48.40018724137335
22.0625
-28.6875
32.4375
48.599567577808756
22.1875
-28.6875
32.625
48.78164037319778
22.375
-28.6875
32.75
48.95074852594187
22.4375
-28.75
32.8125
49.05776251012677
22.5625
-28.875
32.875
49.23004830639515
22.5625
-28.8125
33.0
49.27703889744188
22.8125
-28.8125
33.0625
49.43378620690509
22.8125
-28.8125
33.125
49.47560952125805
23.0625
-28.6875
33.3125
49.644478230212066
23.1875
-28.6875
33.3125
49.70267064001692
23.1875
-28.75
33.5
49.86454307671935
23.375
-28.6875
33.75
50.08418693809454
23.4375
-28.625
33.6875
50.03553424817207
23.5
-28.4375
33.625
49.9157493307473
23.5625
-28.4375
33.875
50.113854745968204
23.625
-28.4375
34.0625
50.270129674589064
23.625
-28.5625
34.1875
50.42561043259665
23.6875
-28.5
34.1875
50.41956775399805
23.75
-28.5
34.1875
50.44896090357065
23.8125
-28.3125
34.25
50.41522897399158
23.9375
-28.25
34.3125
50.48181912827627
24.0
-28.3125
34.375
50.58891460834083
23.8125
-28.25
34.625
50.635839888857376
24.0
-28.3125
34.625
50.75912017805273
23.8125
-28.1875
34.6875
50.64378509501437
23.875
-28.1875
34.625
50.63043952258364
23.9375
-28.1875
34.5625
50.61724477636056
23.8125
-28.375
34.25
50.45035461966546
23.6875
-28.3125
34.4375
50.48402439138544
23.6875
-28.375
34.5
50.561727435383375
23.5
-28.5
34.3125
50.41673984154469
23.4375
-28.375
34.375
50.359682845010056
23.5625
-28.3125
34.25
50.29762979008056
23.625
-28.1875
34.375
50.34199446039062
23.625
-28.125
34.375
50.30702609974078
23.5625
-28.125
34.4375
50.32045744525779
23.25
-28.1875
34.375
50.16710357644738
23.0625
-28.3125
34.5
50.23670533086341
23.25
-28.1875
34.5625
50.29576585061609
23.0625
-28.25
34.75
50.37364297179627
23.125
-28.25
34.875
50.488550682308166
23.125
-28.25
35.125
50.66156087212474
22.9375
-28.1875
35.1875
50.584822019554444
23.0
-28.0
35.3125
50.59617234781698
23.1875
-28.0625
35.375
50.7597743050538
23.125
-28.0625
35.4375
50.774855366608385
23.1875
-27.8125
35.5
50.709420352632705
23.25
-27.8125
35.625
50.825567200475
23.25
-27.8125
35.625
50.825567200475
23.3125
-27.75
35.5625
50.7762401374895
23.375
-27.75
35.5625
50.80496561606946
23.5
-27.625
35.625
50.83828527792809
