25.125
-14.875
-30.875
42.4946687832721
25.0625
-17.875
-30.75
43.51099896865159
24.625
-19.9375
-30.5625
44.02227774093476
24.0
-21.0625
-30.375
44.07118708691655
23.25
-21.875
-30.5
44.15119618991087
22.4375
-22.4375
-30.5
44.01287098679203
22.3125
-22.5
-30.375
43.89462702028575
22.4375
-22.5
-30.25
43.872017348761155
22.5625
-22.4375
-30.375
43.990322089068634
22.625
-22.4375
-30.375
44.0224108409569
22.6875
-22.5
-30.3125
44.043391246587724
22.5625
-22.5625
-30.3125
44.01114028004728
22.4375
-22.625
-30.375
44.0224108409569
22.5625
-22.4375
-30.5
44.076726426766314
22.625
-22.5625
-30.375
44.08625246321125
22.5625
-22.625
-30.25
44.000221945462954
22.4375
-22.75
-30.0625
43.872061867434496
22.25
-22.75
-29.9375
43.69071876554562
21.6875
-22.6875
-29.875
43.331119735128006
21.5
-22.875
-29.75
43.250180635460936
21.25
-23.0625
-29.625
43.14025998125185
21.125
-23.25
-29.5625
43.13663792242043
20.4375
-23.5625
-29.5
42.93172268265042
19.9375
-23.8125
-29.4375
42.79141816708112
19.625
-23.875
-29.4375
42.68164308282895
19.375
-23.875
-29.375
42.524074063993446
19.375
-23.8125
-29.1875
42.35960265984562
19.3125
-23.875
-29.0
42.237285438934165
19.0
-23.9375
-28.9375
42.0877988554878
18.6875
-24.0
-28.6875
41.811425621473376
18.6875
-24.0
-28.8125
41.89728884426771
18.8125
-23.9375
-28.75
41.87453357949196
19.0
-24.0625
-28.6875
41.987814452528966
19.1875
-24.1875
-28.5625
42.05962100102663
19.4375
-24.5625
-28.3125
42.22239297754214
19.5
-24.75
-28.125
42.23538948559608
19.5
-25.0
-27.875
42.216887912303534
19.625
-25.25
-27.5625
42.218414598963804
20.1875
-25.375
-27.5
42.516770588204366
20.4375
-25.5
-27.25
42.550016524673644
20.5625
-26.0
-26.875
42.67413773294078
20.5
-26.375
-26.75
42.795480193590535
20.5625
-26.625
-26.8125
43.01880039587343
20.6875
-26.9375
-26.75
43.23383006974978
20.9375
-27.25
-26.625
43.472198371487956
21.3125
-27.5
-26.5
43.7346848193742
21.4375
-27.875
-26.3125
43.91958205060699
21.625
-28.1875
-26.1875
44.135710456499964
21.875
-28.3125
-26.1875
44.33845326012174
22.125
-28.3125
-26.3125
44.536063336356975
