24.4375
-20.5
-30.0
43.7885990441576
24.4375
-20.4375
-29.9375
43.71654971232291
24.5625
-20.3125
-29.8125
43.64285988280328
24.875
-20.1875
-29.9375
43.8469461593393
25.0
-20.0
-29.6875
43.66174133323132
25.25
-19.9375
-29.6875
43.77686675060242
25.4375
-20.0
-29.5
43.78717170873223
25.125
-20.1875
-29.5625
43.73490811125593
25.0
-20.25
-29.4375
43.60767026854335
24.875
-20.4375
-29.4375
43.62365685611421
24.875
-20.5
-29.4375
43.65297276532264
24.75
-20.625
-29.4375
43.64080122144872
24.375
-20.8125
-29.4375
43.518584392188124
24.125
-20.8125
-29.4375
43.379052404357566
23.8125
-20.75
-29.375
43.13337780941808
23.625
-20.875
-29.5
43.17587578729585
23.4375
-21.125
-29.4375
43.15261796809088
23.25
-21.5625
-29.3125
43.1824798095246
22.875
-21.9375
-29.25
43.128668322242454
22.5
-22.125
-29.125
42.94218497002685
22.1875
-22.3125
-29.1875
42.9190280499221
21.8125
-22.5625
-29.25
42.90004734845872
21.4375
-22.6875
-29.25
42.776764282727136
21.375
-22.625
-29.25
42.71233721069358
21.4375
-22.5
-29.1875
42.63480459085042
21.5625
-22.5
-29.1875
42.697793414882696
21.375
-22.75
-29.0
42.608134493310075
21.375
-23.1875
-28.9375
42.801047738343975
21.5625
-23.4375
-28.875
42.988643122341045
21.8125
-23.75
-28.875
43.285254778619475
22.0625
-23.875
-28.9375
43.521815650314956
22.125
-24.125
-28.9375
43.69107639152416
22.25
-24.25
-29.0625
43.906194394982585
22.0625
-24.4375
-29.1875
43.99835756877749
22.25
-24.6875
-29.25
44.27299014354011
22.0625
-25.125
-29.3125
44.466191511079515
