20.5625
-24.625
-29.25
43.413932455491754
20.4375
-24.5625
-29.375
43.40389887440989
20.3125
-24.5625
-29.375
43.3451806721347
20.5625
-24.4375
-29.375
43.39237764285336
20.5625
-24.875
-29.0625
43.430530016337585
20.8125
-25.1875
-28.75
43.52163614226836
21.25
-25.4375
-28.5
43.713600929802155
21.375
-25.5
-28.375
43.72963811878621
21.0625
-25.625
-28.4375
43.69165752749603
20.8125
-25.5625
-28.5
43.57581396256414
20.3125
-25.5
-28.625
43.38477015324617
20.125
-25.3125
-28.8125
43.311643209418875
19.9375
-25.1875
-28.6875
43.06839582280724
19.5
-25.5
-28.25
42.76169430693784
19.0
-25.75
-28.125
42.60373369788146
18.4375
-25.875
-28.0
42.34922704430389
18.0625
-26.1875
-28.0
42.379701066666335
17.9375
-26.25
-27.9375
42.32399216165696
17.6875
-26.3125
-27.875
42.21624021037402
17.375
-26.5
-27.875
42.20374687157528
17.4375
-26.3125
-27.8125
42.07076441841769
17.375
-26.125
-27.8125
41.927811846672846
17.25
-26.0625
-27.8125
41.837203091267945
17.0625
-26.0
-27.8125
41.72126630988086
17.0625
-25.9375
-27.75
41.64066897277228
17.25
-25.875
-27.75
41.679019002370964
17.6875
-25.9375
-27.625
41.81796488950652
18.0
-26.1875
-27.5
42.02422106654685
18.25
-26.3125
-27.375
42.12838450795378
18.8125
-26.0
-27.5
42.26298801847782
19.6875
-25.6875
-27.5
42.46993421822078
20.3125
-25.8125
-27.4375
42.798355327629125
20.5625
-26.0625
-27.125
42.869988774199605
20.75
-26.4375
-27.0
43.110368894849415
20.9375
-26.6875
-26.8125
43.237850533415745
21.0625
-26.8125
-26.8125
43.375675427017846
21.375
-26.9375
-26.875
43.6438444256461
21.75
-27.1875
-26.875
43.98281802306442
21.9375
-27.5625
-26.75
44.23242942118373
22.125
-27.9375
-26.75
44.55987018888183
22.3125
-28.1875
-26.6875
44.77282064768759
