No:1 Time:2015-7-15  11:3:42
22.75
24.1875
-19.5625
38.539448134346706
22.625
24.25
-19.5625
38.505123441562944
22.625
24.375
-19.625
38.61569467198538
22.5
24.4375
-19.5625
38.55039315623124
22.5625
24.3125
-19.5625
38.50786242769131
22.5
24.375
-19.5625
38.5108040846981
22.5625
24.5
-19.4375
38.563361011457495
22.5625
24.5625
-19.1875
38.47782437651588
22.625
24.6875
-19.125
38.56331036425685
22.5625
24.6875
-19.0625
38.49568766433456
22.5625
24.8125
-18.75
38.422507238596495
22.5
24.8125
-18.625
38.324936806862446
22.5625
25.0
-18.5
38.422863066799174
22.5
24.875
-18.3125
38.21469980583388
22.4375
25.0625
-18.125
38.21107087612175
22.375
25.125
-17.9375
38.126895444685765
22.25
25.1875
-17.75
38.007040877316406
22.25
25.375
-17.5625
38.04463866630882
22.1875
25.4375
-17.5625
38.049874753407536
22.25
25.5625
-17.5
38.141236296821845
22.25
25.75
-17.5
38.26715301665385
22.125
25.75
-17.4375
38.1660127764219
22.0625
25.875
-17.3125
38.15746568497441
22.0625
26.0
-17.1875
38.18591445153566
21.9375
25.9375
-17.0
37.986942657971305
21.875
26.1875
-16.9375
38.094352435761394
21.8125
26.1875
-17.0
38.0863533631142
21.75
26.3125
-17.0
38.13672975295601
21.5625
26.5
-16.8125
38.07691639957206
21.75
26.625
-16.75
38.242850639041016
21.6875
26.625
-17.0
38.31759754016423
21.6875
26.6875
-17.125
38.41661017710959
21.875
26.6875
-17.1875
38.550595812516306
21.9375
26.75
-17.1875
38.629348460723484
22.0625
26.8125
-17.1875
38.743699084496306
21.875
26.75
-17.1875
38.59388916978956
21.8125
26.6875
-17.1875
38.51516543843477
21.8125
26.625
-17.125
38.44400351485261
21.9375
26.4375
-17.3125
38.46970195816443
21.875
26.375
-17.375
38.419355473511004
21.875
26.4375
-17.5
38.51891783591538
22.0625
26.25
-17.625
38.55459805587396
22.1875
26.375
-17.6875
38.7398172104619
22.1875
26.25
-17.625
38.62626413788939
22.375
26.125
-17.625
38.64966849793152
22.125
26.1875
-17.6875
38.57652702745544
22.0625
26.125
-17.8125
38.5558645020443
22.0625
26.0625
-17.8125
38.513542666833445
22.0625
25.875
-17.8125
38.38690776163144
22.0
25.875
-18.0
38.438465435030054
22.0
25.8125
-18.125
38.455178861240526
22.25
25.6875
-18.3125
38.60385748212217
22.0625
25.625
-18.3125
38.4544170089731
22.1875
25.625
-18.3125
38.52626944696307
21.9375
25.75
-18.1875
38.40705094771011
21.8125
25.8125
-18.3125
38.437195120742096
21.8125
25.6875
-18.375
38.383244228439054
21.75
25.75
-18.25
38.32998173753804
21.6875
25.6875
-18.375
38.31234706331629
21.625
25.625
-18.5
38.29531629324923
21.4375
25.625
-18.75
38.31148041057667
21.4375
25.5625
-18.8125
38.30036512554417
21.625
25.5
-18.625
38.272460725696746
21.625
25.4375
-18.625
38.23084692038616
21.5
25.6875
-18.5625
38.29705031069626
21.625
25.5
-18.375
38.15142526826488
21.5
25.5
-18.125
37.96071159765054
21.375
25.6875
-17.9375
37.92745954450417
21.5
25.75
-17.875
38.010894819775025
21.5
25.75
-17.75
37.95227265922293
21.5
25.75
-17.9375
38.04032605341337
21.75
25.625
-17.75
38.01007267817308
21.75
25.625
-17.75
38.01007267817308
21.6875
25.5625
-17.8125
37.96148335813552
21.6875
25.4375
-17.5625
37.760501436686454
21.75
25.5
-17.5
37.809555670491555
21.875
25.5
-17.3125
37.795347349243926
22.0625
25.5
-17.1875
37.84724643220429
21.875
25.4375
-17.125
37.667594245584624
22.0
25.4375
-17.0
37.68376847198274
22.0
25.3125
-16.9375
37.57128640997005
21.875
25.3125
-16.8125
37.44193421152278
21.875
25.25
-16.8125
37.399709641252564
22.0
25.25
-16.75
37.44495960740244
22.1875
25.125
-16.625
37.415790867627
22.0625
25.125
-16.5625
37.31401797582244
22.25
25.1875
-16.3125
37.35733278086111
22.125
25.375
-16.125
37.328566473948605
22.0625
25.4375
-15.9375
37.253512837717736
22.0
25.375
-15.875
37.14708938799916
22.0625
25.5
-15.75
37.21648030442965
22.0625
25.5
-15.5625
37.13751893301436
22.125
25.5625
-15.375
37.139569952410596
22.0
25.4375
-15.1875
36.90157940386834
22.125
25.5
-14.9375
36.9174014693613
22.0
25.5625
-14.625
36.760468321962385
22.1875
25.6875
-14.4375
36.88596235358378
22.125
25.875
-14.1875
36.88246746423021
22.1875
25.9375
-13.9375
36.86859054466281
22.0
26.125
-13.6875
36.794881182713446
21.8125
26.125
-13.5
36.61353276112536
21.875
26.1875
-13.3125
36.62681309505374
21.6875
26.3125
-12.9375
36.470182598254155
21.875
26.375
-12.9375
36.62697306972008
21.9375
26.5
-12.75
36.688777660886984
21.9375
26.625
-12.5625
36.71458753002681
21.8125
26.625
-12.25
36.534070143497566
21.8125
26.75
-12.0625
36.562980766069934
21.75
26.9375
-12.0
36.64275380276433
21.625
27.125
-11.875
36.666358900223514
21.625
27.375
-11.875
36.85168754616266
21.6875
27.5625
-11.875
37.02775563681925
21.5625
27.8125
-11.8125
37.121580229699276
21.625
27.875
-11.875
37.22461383278542
21.5625
28.0
-11.875
37.28212750434181
21.5625
28.125
-11.75
37.3365709626634
21.5625
28.375
-11.875
37.56457980930973
21.5
28.5625
-12.0
37.71029575924856
21.5625
28.6875
-12.0625
37.86050671544162
21.3125
28.8125
-12.0625
37.81384295135844
21.25
28.8125
-12.0
37.758742778990936
21.3125
29.0
-12.0
37.937088136149825
21.4375
29.25
-12.0625
38.21822618201949
21.375
29.375
-12.1875
38.31861696682176
21.25
29.5
-12.3125
38.38502515630282
21.3125
29.75
-12.375
38.63192696785911
21.1875
29.75
-12.5
38.60340213310221
21.0625
29.75
-12.5625
38.55525661307418
21.0
29.8125
-12.75
38.630915809102945
20.9375
29.8125
-13.0
38.68028002096158
20.8125
29.75
-13.0625
38.585639329937244
20.75
29.625
-13.25
38.51967841246861
20.8125
29.5625
-13.25
38.50537705957442
20.75
29.6875
-13.5
38.65436788061603
20.625
29.625
-13.6875
38.605425865414304
20.625
29.6875
-13.8125
38.697847969880705
20.4375
29.75
-14.125
38.759121910203284
20.375
29.5
-14.1875
38.55743483752517
20.3125
29.25
-14.5625
38.473712616538585
20.1875
29.0
-14.875
38.33798092296985
20.0625
28.625
-15.0625
38.06275656727978
20.125
28.3125
-15.125
37.886394738085066
20.125
28.1875
-15.25
37.84327260227371
20.0625
28.0
-15.3125
37.69584277476762
20.0625
27.8125
-15.3125
37.556779930526524
20.0
27.5625
-15.3125
37.33850643102908
19.9375
27.375
-15.375
37.19254167504555
19.9375
27.3125
-15.625
37.250734053170014
19.8125
27.125
-15.75
37.09937036190776
19.6875
26.75
-15.75
36.75898062038718
19.625
26.5
-15.8125
36.570832383882106
19.625
26.0625
-15.9375
36.30975678106368
19.625
25.8125
-15.9375
36.13073051434194
19.4375
25.75
-16.0625
36.0400168215832
19.5
25.625
-16.0625
35.984642991837504
19.5
25.6875
-16.0625
36.02917654485042
19.5
25.625
-15.8125
35.87374780044594
19.375
25.5
-15.875
35.74431773023511
19.375
25.25
-15.75
35.510781813415484
19.4375
25.25
-15.8125
35.5726589180511
19.375
25.125
-15.875
35.47776592459001
19.375
25.0
-15.875
35.38935221221208
19.5
25.0625
-16.0
35.558106055441144
19.625
24.875
-15.875
35.43898806399528
19.5625
24.875
-16.0
35.46064059277553
19.625
24.8125
-15.9375
35.42322243246653
19.6875
24.875
-16.0
35.529752057254775
19.75
24.875
-15.875
35.508361691297445
19.6875
24.875
-15.75
35.41787375393955
19.875
24.9375
-15.6875
35.538601372310644
19.8125
25.125
-15.5625
35.580783964100625
20.0
25.25
-16.0625
35.993977360803015
20.25
25.4375
-16.625
36.517386697982644
20.4375
25.875
-17.125
37.15471243664793
20.6875
26.5
-17.5625
37.929725315377645
20.9375
26.8125
-17.8125
38.40018513952765
21.1875
27.1875
-18.3125
39.03098728894774
21.3125
27.5625
-18.75
39.56610370632924
21.4375
28.0
-19.0
40.05703940944712
21.4375
28.4375
-19.4375
40.571840218925246
21.75
28.875
-19.75
41.193332288126435
22.0
29.3125
-20.0625
41.781892758705894
22.1875
29.625
-20.4375
42.280222178933734
22.375
30.0
-20.875
42.85331084058733
22.75
30.3125
-21.3125
43.48140766465593
22.8125
30.5625
-21.5625
43.81116260440939
23.0625
30.6875
-22.0
44.244791360113794
23.0625
30.625
-21.75
44.07756834547477
23.1875
30.6875
-21.6875
44.15575238573113
23.1875
30.625
-21.5
44.0204586669653
23.25
30.3125
-21.5
43.83674436189348
23.25
29.9375
-21.5625
43.60914826616085
23.375
29.6875
-21.3125
43.381573709352686
23.5625
29.4375
-21.1875
43.25121927472103
23.5625
29.125
-21.0
42.94714229433665
23.75
29.0
-20.8125
42.87449890377729
23.8125
28.6875
-20.6875
42.63778217438144
23.9375
28.5
-20.5625
42.52141004835094
24.1875
28.25
-20.1875
42.31586951133109
24.375
28.125
-20.0625
42.28073031831404
24.4375
27.875
-19.8125
42.0326324122104
24.5
27.6875
-19.75
41.91551211961987
24.5625
27.5
-19.4375
41.68192428979257
24.75
27.4375
-19.3125
41.69354341501811
24.875
27.375
-19.0625
41.6117189773506
25.0625
27.25
-18.8125
41.528322413745535
25.1875
27.25
-18.5625
41.49143360381755
25.25
27.375
-18.3125
41.500611817779266
25.25
27.25
-18.1875
41.36314973802165
25.1875
27.25
-17.9375
41.215610665135124
25.3125
27.25
-17.875
41.26500673997279
25.4375
27.125
-17.75
41.205515786724476
25.5
27.0
-17.625
41.10827927559119
25.5625
27.0625
-17.5625
41.16141055345407
25.5
27.125
-17.5
41.137156258059456
25.5
27.1875
-17.4375
41.15187191975597
25.4375
27.3125
-17.25
41.116925499117755
25.5625
27.3125
-17.1875
41.168242842632964
25.625
27.5625
-17.125
41.34728112282596
25.75
27.625
-17.0
41.41501086562697
25.625
27.6875
-17.0
41.379201070707005
25.4375
27.6875
-17.0625
41.289138629305405
25.4375
27.625
-17.0625
41.24725369645839
25.5
27.6875
-17.0625
41.327673083540525
25.375
27.8125
-16.875
41.257622401805946
25.4375
27.8125
-16.875
41.29609167342595
25.375
27.875
-16.875
41.29978056842433
25.25
27.8125
-16.875
41.18086061813182
25.0625
27.875
-16.8125
41.08290018365305
24.875
27.8125
-16.75
40.90065135483786
24.75
27.6875
-16.875
40.7912463801978
24.75
27.5625
-16.8125
40.68063498152407
24.6875
27.375
-16.9375
40.567748119657814
24.4375
27.375
-16.9375
40.41609750458349
24.4375
27.25
-16.9375
40.33153620307563
24.3125
27.25
-16.875
40.22966295222967
24.25
27.25
-16.8125
40.16572115934183
24.25
27.25
-16.6875
40.11355950610716
24.125
27.3125
-16.625
40.05469892846531
24.0625
27.3125
-16.625
40.01708619452446
24.0625
27.1875
-16.75
39.98407886271735
24.0625
27.25
-16.6875
40.000488278269806
24.0
27.25
-16.75
39.98906100422965
24.0625
27.375
-16.5625
40.03387237702593
24.1875
27.4375
-16.625
40.17763292554702
24.1875
27.5
-16.5625
40.19454642734509
24.3125
27.5625
-16.3125
40.210529948634104
24.25
27.625
-16.25
40.19036731606219
24.25
27.75
-16.0625
40.20110578392092
24.25
27.6875
-16.125
40.18302852262383
24.125
27.6875
-16.0
40.0576245083255
24.0
27.5625
-16.0
39.896007397357444
24.0
27.5625
-15.9375
39.870983340018086
23.9375
27.5625
-15.9375
39.83339326180987
23.9375
27.5625
-15.875
39.80842797071997
23.8125
27.625
-15.8125
39.7518670945152
23.875
27.625
-15.75
39.76454136539236
23.875
27.5625
-15.8125
39.745970707733385
23.875
27.5
-15.75
39.677803933685645
23.75
27.5
-15.6875
39.57789984637891
23.875
27.5
-15.5625
39.60375021699334
23.75
27.5
-15.5625
39.5285201626623
23.6875
27.5
-15.625
39.515671337458
No:2  Time:2015-7-15  11:6:57
23.6875
-24.6875
19.25
39.25726445512983
23.6875
-24.75
19.3125
39.32725279624805
23.6875
-24.875
19.25
39.37544642604068
23.6875
-24.8125
19.375
39.39731510522005
23.75
-24.75
19.3125
39.364929267686996
23.75
-24.875
19.375
39.47427960077296
23.8125
-24.875
19.3125
39.48130491131214
23.75
-24.9375
19.1875
39.42209485174526
23.75
-24.875
19.125
39.35217592459151
23.75
-25.0
19.125
39.43130894352862
23.75
-25.1875
19.125
39.55045235202753
23.75
-25.1875
18.9375
39.46012623522636
23.75
-25.25
18.9375
39.50004944617158
23.875
-25.0625
19.0625
39.516116174290204
23.875
-25.1875
19.125
39.6256407676898
23.9375
-25.0
19.125
39.54452593280137
24.0
-24.875
19.125
39.50355996616001
24.0625
-24.9375
19.0625
39.55074864967792
24.125
-24.875
19.125
39.579627019465455
24.125
-24.75
19.125
39.501186691034995
24.0
-24.875
19.0
39.443194913698356
24.1875
-24.8125
18.9375
39.48827951114102
24.125
-24.875
18.9375
39.48936763547879
24.25
-24.875
19.125
39.655942177686306
24.3125
-24.9375
19.1875
39.76350988972176
24.375
-25.0
19.25
39.87108131214904
24.4375
-25.0625
19.1875
39.918422673622764
24.375
-25.1875
19.375
40.04923727426029
24.375
-25.0625
19.625
40.09251995385174
24.25
-25.1875
19.875
40.21800941431587
24.3125
-25.0
20.0
40.20071711114119
24.5
-25.1875
20.125
40.49291025908116
24.4375
-25.375
20.1875
40.60316721020664
24.4375
-25.5
20.3125
40.74357694778405
24.5625
-25.5
20.375
40.84981066357591
24.6875
-25.5625
20.4375
40.9951883609528
24.6875
-25.5625
20.625
41.088984989897234
24.625
-25.6875
20.9375
41.28700991231988
24.5625
-25.3125
21.1875
41.14546413336469
24.6875
-25.0625
21.375
41.1642100312881
24.6875
-24.8125
21.625
41.14332798279692
24.8125
-24.5
22.1875
41.3303195305819
25.0625
-24.125
22.625
41.49741144035372
25.125
-24.0625
22.6875
41.53302526303616
25.1875
-24.0625
22.75
41.60500645955965
25.25
-23.9375
22.875
41.639308726850885
25.3125
-23.9375
23.0
41.74597660254219
25.1875
-23.9375
23.1875
41.77408549268314
25.0625
-23.75
23.4375
41.73137683446354
25.125
-23.75
23.5
41.80404436176002
24.875
-23.875
23.6875
41.831553954520984
24.8125
-23.875
23.875
41.9009714237033
24.8125
-23.8125
23.9375
41.901064649361835
24.8125
-23.75
23.875
41.82987307236301
24.875
-24.1875
23.75
42.04596628988327
24.8125
-24.4375
23.5625
42.0481030339063
24.875
-24.6875
23.375
42.12634456311157
24.9375
-24.9375
23.0625
42.13830464968898
24.8125
-25.25
22.8125
42.11452020978038
24.8125
-25.1875
23.0625
42.21314035641035
24.6875
-25.1875
23.0625
42.139787834658115
24.6875
-25.375
22.9375
42.184027634876216
24.6875
-25.6875
22.9375
42.37274145898516
24.8125
-25.8125
22.875
42.487773976757126
25.125
-25.9375
22.8125
42.71334320209552
25.3125
-25.8125
22.8125
42.74830954260063
25.625
-25.75
22.625
42.797123150978265
25.6875
-25.875
22.5
42.84405771224289
25.8125
-25.9375
22.4375
42.92412455426435
26.0
-25.9375
22.375
43.00458732798165
26.0625
-25.6875
22.5
42.957555359913115
26.125
-25.75
22.5625
43.06558406953283
26.1875
-25.625
22.8125
43.160583145967806
26.25
-25.6875
22.9375
43.301721241770515
26.3125
-25.75
23.0
43.40979332189915
26.4375
-25.875
22.75
43.42832636943312
26.625
-25.9375
22.625
43.514769403617436
26.875
-25.9375
22.8125
43.765622210817476
26.9375
-25.875
22.8125
43.76705024901724
27.0
-25.75
23.0
43.829926990584866
26.9375
-25.6875
23.0625
43.78761775605062
27.0
-25.8125
23.125
43.93234322512288
26.875
-25.875
23.3125
43.99152084493102
26.875
-26.0
23.4375
44.13141773442136
26.8125
-26.0625
23.4375
44.130267036921495
26.75
-26.125
23.5
44.16251945937867
26.625
-26.3125
23.625
44.26487214767484
26.5625
-26.375
23.625
44.264519157560045
26.5625
-26.5625
23.5625
44.343254489831935
26.5
-26.625
23.4375
44.27704858332362
26.4375
-26.6875
23.5625
44.343606853186856
26.3125
-27.0
23.75
44.55794156208296
26.25
-27.25
23.875
44.73969853497004
26.1875
-27.4375
23.8125
44.784335640377655
26.0
-27.5
24.0
44.81350242951336
25.75
-27.6875
23.9375
44.75113476214877
25.8125
-27.875
24.25
45.07064766841054
25.6875
-28.0
24.5
45.211698223468666
25.625
-28.0625
24.625
45.2828351171832
25.5625
-28.25
24.8125
45.46607595229656
25.5625
-28.5
25.0625
45.758281354307876
25.5625
-28.8125
25.3125
46.09039182682221
25.5
-29.0
25.5
46.27634384866635
25.4375
-29.25
25.75
46.53698965607896
25.3125
-29.375
26.125
46.75605742842311
25.125
-29.5625
26.4375
46.948359263130804
25.0625
-29.875
26.625
47.21795374907727
24.875
-30.125
26.8125
47.383450763425834
24.8125
-30.375
26.8125
47.5101140547989
24.625
-30.75
26.8125
47.653575744638516
24.625
-31.0625
26.5625
47.71620204395987
24.5625
-31.375
26.625
47.922830219531065
24.3125
-31.625
26.3125
47.78688039096087
24.0
-31.875
26.0625
47.657838088293516
23.8125
-32.1875
26.0625
47.77367704866352
23.5625
-32.375
25.9375
47.70834243085794
23.1875
-32.5
25.8125
47.541511466296484
22.9375
-32.6875
25.5
47.3798645259777
22.6875
-33.0625
25.25
47.38580022010813
22.4375
-33.3125
24.9375
47.27624105986008
22.3125
-33.4375
24.6875
47.17400469273305
22.125
-33.75
24.3125
47.11343525205947
21.75
-33.75
24.0625
46.80949589826833
21.5
-33.6875
23.75
46.488279772970735
21.25
-33.75
23.625
46.354779958489715
20.9375
-33.6875
23.25
45.975961789831
20.5625
-33.625
23.125
45.69707492006463
20.3125
-33.5625
22.9375
45.444119187745294
20.1875
-33.625
22.875
45.403099082001
20.0625
-33.5625
22.6875
45.20694602326063
20.0
-33.5
22.375
44.97655639330339
19.8125
-33.5
22.0625
44.73856348274942
19.75
-33.375
21.875
44.524922796114986
19.75
-33.25
21.6875
44.33929020913619
19.625
-32.9375
21.375
43.89658479027725
19.3125
-32.8125
21.25
43.60269845433881
19.1875
-32.875
20.9375
43.44312014001757
19.125
-32.8125
20.625
43.218241591369726
19.0625
-32.875
20.4375
43.148996946626696
19.0
-32.875
20.3125
43.0623185772666
18.9375
-32.8125
20.0625
42.86948761940128
18.9375
-32.8125
20.0
42.84027383782695
18.875
-32.9375
19.9375
42.87946405332044
18.8125
-32.9375
19.8125
42.793974093907195
18.5625
-33.0
19.625
42.646301495557616
18.5625
-33.0625
19.625
42.69468277783546
18.5
-33.0
19.5
42.561719890060836
18.5
-32.875
19.5625
42.49361165222368
18.5625
-32.9375
19.4375
42.51190090727537
18.3125
-32.9375
19.5
42.43202284242409
18.4375
-32.9375
19.375
42.428892720644974
18.625
-32.9375
19.4375
42.53922821937417
18.625
-32.8125
19.3125
42.38541538666337
18.75
-32.625
19.4375
42.35291644326279
18.9375
-32.5
19.5
42.36896159041427
19.0625
-32.375
19.5625
42.35812717177189
19.0625
-32.1875
19.8125
42.33142117564682
19.1875
-31.875
20.0
42.239504983486725
19.375
-31.5625
20.125
42.14970529256403
19.375
-31.3125
20.375
42.08329723595811
19.5
-30.9375
20.5625
41.95468165175372
19.625
-30.8125
20.625
41.95165558413637
19.75
-30.5
20.875
41.90558584484889
19.875
-30.3125
21.1875
41.985395526301765
20.0
-30.125
21.5
42.06858239826961
20.0625
-30.0
21.8125
42.169764790664885
20.0625
-29.875
22.1875
42.27652643607325
20.0625
-29.625
22.25
42.133205803142964
20.125
-29.4375
22.4375
42.13102701691474
20.0
-29.4375
22.5
42.10482640090088
20.0625
-29.25
22.125
41.8040910826919
20.1875
-29.25
21.75
41.66725520417682
20.375
-29.1875
21.3125
41.48823251839008
20.5
-29.0625
20.75
41.17573807778071
20.75
-29.0625
20.25
41.05184412727399
20.875
-28.9375
19.5625
40.69196404082752
21.0
-28.75
19.0625
40.38491557809673
21.125
-28.375
18.6875
40.00786055577079
21.1875
-28.25
18.375
39.807201374248855
21.3125
-28.0625
17.8125
39.48432244258473
21.25
-27.9375
17.3125
39.13807688811498
21.4375
-27.6875
16.875
38.87067902031041
21.375
-27.5625
16.4375
38.558701190522484
21.5625
-27.25
16.25
38.36100111115454
21.75
-26.875
16.0
38.09630067342497
21.875
-26.5625
15.75
37.84368548714567
21.875
-26.375
16.0625
37.84389192789241
21.875
-26.125
16.1875
37.723552407614
21.6875
-25.8125
16.4375
37.50765546858401
21.6875
-25.625
16.625
37.46169919064003
21.8125
-25.5
16.875
37.56062807315661
22.0
-25.4375
17.25
37.79720765149193
22.125
-25.375
17.4375
37.91401661984654
22.3125
-25.625
17.6875
38.305821196001006
22.4375
-25.6875
17.9375
38.53625525073758
22.4375
-25.75
18.0
38.607044774885324
22.75
-25.6875
18.25
38.8647997068041
22.9375
-25.75
18.375
39.074698095442784
23.125
-25.6875
18.4375
39.173392596250835
23.25
-25.875
18.375
39.34105679821019
23.25
-26.125
18.5625
39.59349102125247
23.5625
-26.0625
18.8125
39.854177557064205
23.6875
-26.1875
18.875
40.0393361271138
23.6875
-26.1875
19.0625
40.128066471610616
23.8125
-26.3125
19.125
40.31312984004095
23.875
-26.3125
19.3125
40.43928705479363
23.75
-26.4375
19.4375
40.5070402831409
23.6875
-26.375
19.625
40.52010496346227
23.625
-26.5625
19.8125
40.69695550652407
23.5
-26.375
20.0
40.59421910814396
23.4375
-26.3125
20.125
40.57930121995695
23.375
-26.1875
20.3125
40.555806458508506
23.125
-26.125
20.4375
40.434795118189975
23.25
-26.0
20.625
40.52102077934365
23.25
-26.125
20.6875
40.63312418766246
23.25
-26.0
20.9375
40.68097105834619
23.125
-26.0
21.0
40.64191955358408
23.0
-26.0625
21.1875
40.70828002384773
22.9375
-25.9375
21.1875
40.593016255878304
22.9375
-25.9375
21.3125
40.65839973178974
23.0625
-25.875
21.5
40.78779880368638
22.9375
-25.875
21.75
40.84981066357591
23.0
-25.8125
21.9375
40.94556218322079
22.875
-25.9375
22.0
40.98804131999967
22.9375
-25.875
22.1875
41.08442146970065
23.0
-25.9375
22.1875
41.15870579233511
23.0
-25.9375
22.375
41.26008399470365
22.9375
-26.0
22.4375
41.298550973369515
23.125
-26.0
22.5
41.4368872503715
23.0625
-26.125
22.5625
41.51458704479668
23.0
-26.125
22.75
41.58218518789026
23.0625
-26.0
22.9375
41.641419434260406
23.1875
-25.8125
23.125
41.69785291235029
23.125
-25.75
23.0
41.55512152551115
23.1875
-25.625
23.1875
41.61683478473585
23.0
-25.625
23.25
41.54760071291722
22.875
-25.625
23.25
41.47853360474548
23.0
-25.625
23.125
41.477780196148395
23.0
-25.625
23.125
41.477780196148395
23.0625
-25.4375
23.1875
41.4319377865675
23.0
-25.375
23.125
41.323797623161404
23.0625
-25.25
23.125
41.28204247914582
23.1875
-25.1875
23.125
41.31387100599507
23.25
-25.25
23.125
41.38708282785826
23.25
-25.25
23.1875
41.42203708474512
23.125
-25.0625
23.125
41.20267171252369
23.125
-25.0
23.125
41.16468450018778
23.125
-25.125
23.0
41.17075721917196
23.0
-25.125
22.875
41.030857290580705
23.0625
-25.125
23.0
41.13568440235315
23.0625
-25.125
22.9375
41.10077173849659
23.375
-25.0
22.875
41.16620276391788
23.4375
-24.9375
22.9375
41.19859486378146
23.5
-24.9375
23.0
41.26898237478118
23.5
-24.875
23.0
41.23124573669828
23.5625
-24.9375
23.0
41.30460401093321
23.5
-24.9375
23.0625
41.303847429749204
23.5
-24.875
23.0625
41.266142674715795
23.375
-24.9375
23.0
41.19793115254697
23.5
-24.875
23.0625
41.266142674715795
23.375
-24.875
23.0625
41.19508655470941
23.4375
-25.0625
23.1875
41.41383185301741
23.625
-25.0
23.1875
41.48253585847905
23.625
-24.9375
23.25
41.479899122948694
23.8125
-24.9375
23.375
41.656988459320964
23.875
-24.9375
23.3125
41.657738626814584
23.875
-24.9375
23.4375
41.727819707001224
23.9375
-25.0
23.625
41.90637816908066
24.0
-25.0625
23.625
41.97939412676176
24.125
-24.9375
23.625
41.97660248578963
24.1875
-24.875
23.75
42.04596628988327
24.25
-24.9375
23.75
42.11892574900267
24.1875
-24.8125
23.75
42.009020608674035
24.1875
-24.875
23.6875
42.01069432299352
24.125
-24.75
23.75
41.93614938212615
24.125
-24.75
23.6875
41.900784971763954
